idx,Question,Reference,Answer,Max Score,true_raw,true_label,true_score,pred_score,pred_label,pred_raw,abs_error,raw_abs_error
0,តើសង្គមខ្មែរនៅសម័យអង្គរមានប៉ុន្មានវណ្ណៈ? វណ្ណៈអ្វីខ្លះ? ចូលរៀបរាប់។,សង្គមខ្មែរនៅសម័យអង្គរមានប្រាំវណ្ណៈគឺ -វណ្ណៈក្សត្រឬរាជវង្សនុវង្ស (ជាស្ដេចគ្រប់គ្រងប្រទេស -វណ្ណៈមន្ត្រី (អ្នករស់នៅក្នុងរាជវាំងបម្រើស្ដេច) -វណ្ណៈព្រាហ្ម៍ឬបុព្វជិត​(គឺជាអ្នកបួស) -វណ្ណៈអ្នកជាឬកសិករ (អ្នករស់នៅនឹងធ្វើស្រែចម្ការ) -វណ្ណៈអ្នកងារឬទាសករ(ទាសករបម្រើគេតកូនតចៅ)។,សង្គមខ្មែរនៅសម័យអង្គរមានប្រាំវណ្ណៈគឺ -វណ្ណៈក្សត្រ:វណ្ណៈនេះមានបុព្វសិទ្ធណាស់ដូចជាគ្មានការបង់ពន្ធ មិនជាប់កំណែននិងមិនត្រូវធ្វើការងារធ្ងន់ជាដើម។ -វណ្ណៈមន្ត្រី:ជាអ្នកដែលធ្វើការក្នុងវាំងនិងបម្រើព្រះរាជា -វណ្ណៈអ្នកបួស:ពួកប៉ាន់ឃាបគឺពួកព្រាហ្មណ៍​ ពួកនេះស្លៀកពាក់ដូចគេទៀតដែរ ខុសត្រង់មានពាក់ខ្សែរអំបោះដវេញមួយខ្សែរនៅក ជាសញ្ញាថាអ្នកចេះ។ -វណ្ណៈអ្នកជា:ពួកគេជាវណ្ណៈកណ្ដាលក្នុងសង្គម​ ដែលមានឋានន្ដរមានប្រហាក់ប្រហែលនិងពួកឈ្មួញសិប្បកម្ម សិប្បករនិងប្រជារាស្ត្រសាមញ្ញ -វណ្ណៈទាសករ:ពួកគេជាវណ្ណៈទាបបំផុតនៅក្នុងសង្គមដែលជាអ្នកបម្រើគេអស់មួយជីវិត។,10,10,4,1.0,0.74169921875,3,7,1,3
1,តើព្រះអង្គឌួងមានស្នាព្រហស្ថអ្វីខ្លះចំពោះប្រទេសជាតិនិងប្រជារាស្ត្រខ្មែរ?,ព្រះបាទអង្គឌួងមានស្នាព្រហស្តដូចជាផ្នែករដ្ឋបាលរៀបចំប្រព័ន្ធរដ្ឋបាលនិងច្បាប់ទម្លាប់ស្ដារឡើងវិញមានរបៀបផ្នែកសេដ្ឋកិច្ចលើកស្ទួយវិស័យកសិកម្មជួសជុលប្រព័ន្ធ សេះនិងពាណិជ្ជកម្ម ភ្នែកបរទេសស្វែងរកជំនួយពីបារាំងដើម្បីទប់ទល់នឹងការត្រួតត្រាយួននិងសៀម ផ្នែកវប្បធម៌លើកស្ទួយវប្បធម៌អក្សរសាស្ត្រខ្មែរនិង សាសនា កត្តាផ្ទៃក្នុង ការបែកបាក់រាជវង្សានុវង្សបែកបាក់សាមគ្គី។,ព្រះបាទអង្គឌួងមានស្នាព្រហស្តដូចជាការពារទឹកដីខ្មែរពីចូលសៀមនិងយួនទាក់ទងជាមួយបារាំងដើម្បីការពារប្រទេសខ្មែរ កសាងក្រុងឧដុង្គកំពង់ដែនកំពតកំពង់ហ្លូង កសាងគមនាគមន៍កសាងវប្បធម៌ខ្មែរវត្តអារាមសាលារៀនសាកលវិទ្យាល័យអក្សរសាស្ត្រ អក្សរសាស្ត្រកំណាព្យ ច្បាប់ស្រី។,15,15,4,1.0,0.892578125,4,13,0,2
2,តើកត្តាអ្វីខ្លះដែលបណ្ដាលឲ្យសៀមវាយបែកបន្ទាយលង្វែក?,កត្តាដែលបណ្ដាលឲ្យសៀមវាយបន្ទាយលង្វែកព្រះរាជាព្រះសត្ថាទីមួយឆោតល្ងង់ទៅជួយរំដោះក្រុងឰយុធ្យារបស់សៀមមកពីការត្រួតត្រាភូមាសៀមរមិលគុណប្រើល្បិចបញ្ជូនសល់ពីរអង្គ យកការវិបត្តិផ្ទៃក្នុងជាជួរជលសារលោករវល់ នាដើមម៉ឺនមន្ត្រីប្រជារាស្ត្រមិនពេញចិត្តដែលតែងទៅកូនអាយុដប់មួយវស្សា ឲ្យកូនរៀននៅ ក្នុងនាម មហាឧបរាជ ធ្វើឲ្យប្រជារាស្ត្របាត់បង់ស្មារតីប្រយុទ្ធប្រជារាស្ត្រខ្មែរក្រីក្រឆោតល្ងង់ចង់បានប្រាក់ដួលក៏នាំគ្នាកាប់ឆ្ការគុម្ពឫស្សីដែលជារបងការពារបន្ទាយលង្វែកដ៏រឹងមាំ រីប្រទេសខ្មែរហាក់បីដូចជាបាត់បង់សាមគ្គីដូចជាស្ថានីយមួយនាំកូនទាំងពីររត់ភៀសខ្លួនទៅប្រទេសឡាវមិនគិតពីប្រជារាស្ត្រនាំឲ្យប្រជាជន អស់ជំនឿ,កត្តាដែលបណ្តាលឲ្យសៀមវាយបែកបន្ទាយលង្វែកគឺបណ្ដាលមកពី សៀមរមិលគុណប្រើល្បិច ប្រជារាស្ត្រខ្មែរក្រីក្រឆោតល្ងង់ កត្តាប្រជាជនខ្មែរបាត់ស្មារតី កត្តាគ្មានទឹកធ្វើកសិកម្ម។,10,6,2,0.6,0.80224609375,3,8,1,2
3,តើប្រព័ន្ធផលិតកម្មកសិកម្មនៅក្នុងប្រទេសកម្ពុជាមានអ្វីខ្លះ?ចូររៀបរាប់​ ។,ប្រព័ន្ធផលិតកម្មកសិកម្មនៅប្រទេសកម្ពុជាមាន៖    _ ដំណាំ : ដំណាំស្រូវ ដំណាំកៅស៊ូ ដំណាំផ្សេងៗទៀត    _ ការចិញ្ចឹមសត្វ : ការចិញ្ចឹមសត្វលើគោក ការចិញ្ចឹមសត្វក្នុងទឹក    _ ការនេសាទ : ការនេសាទទឹកសាប ការនេសាទទឹកប្រៃ  _ ព្រៃឈើ : ផលិតផលឈើ អនុផលព្រៃឈើ(រកឃ្មុំ ជ័រទឹក វល្លិ៍ ផ្តៅ) សត្វព្រៃ ។,ប្រព័ន្ធផលិតកម្មនៅប្រទេសកម្ពុជារួមមាន៖ -ការដាំដុះដំណាំដែលបម្រើក្នុងវិស័យឧស្សាហកម្មដូចជាដំណាំកៅស៊ូដំឡូងមី ថ្នាំជក់និងផ្លែឈើជាដើម  -ការធ្វើកសិកម្មព្រៃឈើដុតយកដីដាំដុះ -ការចិញ្ចឹមសត្វ គោក្របីមាន់ទាជ្រូក  -ការដាំដុះ ដំណាំផ្សេងផ្សេង-ការនេសាទត្រីទាំងទឹកសាបទាំងទឹកប្រៃ  -ការធ្វើអាជីវកម្មព្រៃឈើយកឈើដើម្បីនាំចេញទៅក្រៅប្រទេសឬធ្វើគ្រឿងសង្ហារឹម  -ការធ្វើស្រែចម្ការសម្រាប់ផ្គត់ផ្គង់ក្នុង រង្វង់ គ្រួសារ។,10,6,2,0.6,0.5380859375,2,5,0,1
4,តើសម័យឧដុង្គចាប់ពីឆ្នាំណាដល់ឆ្នាំណា?ហេតុអ្វីបានជាប្រទេសកម្ពុជាធ្លាក់ចុះខ្សោយកាន់តែខ្លាំងនៅសម័យឧដុង្គ។ចូរពន្យល់,សម័យឧដុង្គចាប់ពីឆ្នាំ បានជាប្រទេសកម្ពុជាធ្លាក់ចុះខ្សោយកាន់តែខ្លាំងនៅសម័យឧដុង្គព្រោះ សង្គ្រាមផ្ទៃក្នុងញឹកញាប់និងការជាវជ្រៀតជ្រែកពីសៀមនិងយួន ការប្រកួតប្រជែងដណ្ដើមរាជ្យបានឡើងក្នុងចំណោមព្រះរាជវង្សានុវង្ស បែកបាក់សាមគ្គីផ្ទៃក្នុងគ្មានការសាមគ្គីរួបរួមនៅក្នុងប្រទេសជិតខាង កម្ពុជាត្រូវបែកជាពីរផ្នែកដោយសារសៀមត្រួតត្រាផ្នែកខាងលិចបាត់ដំបងសៀមរាបត្រួតត្រាខាងត្បូង បាត់បង់ទឹកដីដោយសារខេត្តជាច្រើននៅភាគខាងលិចបាត់ដំបងសៀមរាបមង្គលបុរី ត្រូវបានធ្លាក់ក្នុងកណ្ដាប់ដៃសៀមនៅឆ្នាំនិងមុនបាត់បង់ដីភាគខាងកើតនៅវៀតណាម សេដ្ឋកិច្ចពឹងផ្អែកលើវិស័យកសិកម្មបុរាណដែល សួយសារអាករឲ្យគេ ចំណែកវប្បធម៌វិញវត្តអារាមត្រូវបានបំផ្លិចបំផ្លាញ ប្រទេសជាតិខ្សោយគ្មានកម្លាំងទប់ទល់នឹងការវាយលុកពីខាងក្រៅមន្ត្រីក្បត់ជាតិច្រើន ដោយសារ រាជវង្សផ្ទៃក្នុងការដណ្ដើមអំណាចគ្នា។,សម័យឧដុង្គចាប់ពីឆ្នាំ១៦២០ដល់ឆ្នាំ១៨៦៣។ប្រទេសកម្ពុជាធ្លាក់ចុះខ្សោយកាន់តែខ្លាំងក្នុងសម័យឧដុង្គដោយសារទំនាស់ផ្ទៃក្នុងរាជវង្ស ការឈ្លានពានជាបន្តបន្ទាប់ពីសៀមនិងយួន និងការបាត់បង់ទឹកដី។,15,8,2,0.5333333333333333,0.54541015625,2,8,0,0
5,ចូរប្រៀបធៀបលក្ខណៈខុសគ្នានៃផ្សិត និងរុក្ខជាតិ។,លក្ខណៈខុសគ្នានៃផ្សិតនិងរុក្ខជាតិ +ផ្សិត  -ផ្សិតបន្តពូជតាមរយៈស្ប៉ -ផ្សិតមិនធ្វើរស្មីសំយោគ -អុីប -វារស់នៅកន្លែងសើម +រុក្ខជាតិ -បន្តពូជដោយគ្រាប់ -វាត្រូវការធ្វើរស្មីសំយោគ -វារស់នៅកន្លែងដែលមានពន្លឺ,ប្រៀបធៀបលក្ខណ:ខុសគ្នារវាងផ្សិតនិងរុក្ខជាតិ  +ផ្សិត -បរជីព -អុីបក្រោមដី -ស្ប៉ +រុក្ខជាតិ -ស្វ័យជីព -គ្រាប់ -ឬស,12,7,2,0.5833333333333334,0.86572265625,3,10,1,3
6,តើគេចែកប្រូទីសជាប៉ុន្មានក្រុម?អ្វីខ្លះ?,ប្រូទីសសត្វចែកជា 4 ក្រុមតាមរបៀបរស់នៅនឹងផ្លាស់ទីរបស់វា  +ប្រូតូសូអ៊ែផ្លាស់ទីដោយជើងបញ្ឆោត: អាមីប +ប្រូតូសូអ៊ែផ្លាស់ទីដោយផ្លាសែល : សាឌីយ៉ា +ប្រូតូសូអ៊ែបន្តពូជតាមរយ:ស្ប៉ :ស្ប៉រ៉ូសូអ៊ែ។,គេចែកប្រូទីសសត្វជា 4ប្រភេទគឺ-ប្រូទីសផ្លាស់ទីដោយជើងបញ្ឆោត : អាមីប-ប្រូទីស ផ្លាស់ទីដោយរោមញ័រ : ប៉ារ៉ាមេសុី-ប្រូទីសផ្លាស់ទីដោយ ប្លាសែល-ប្រូទីសផ្លាស់ទីដោយ ស្ប៉។,8,3,2,0.375,0.65234375,3,5,1,2
7,រៀបរាប់ពីទំនាក់ទំនងរវាងការដាំដុះអាជីវកម្មព្រៃឈើនិងនេសាទ។,ទំនាក់ទំនងរវាងការដាំដុះ អាជីវកម្មព្រៃឈើ និងការនេសាទមានដូចជា៖ -ការដាំដុះដោយប្រើជីធម្មជាតិ -ការប្រើប្រាស់ជីគីមី -ដាំដុះនិងធ្វើតាមរដូវ -អាជីវកម្មព្រៃឈើ -ការកាប់បំផ្លាញព្រៃឈើ -ការដុតព្រៃឈើ -ការកាប់ឈើយកទៅធ្វើអាជីវកម្ម +ការនេសាទ -ការនេសាទត្រីពេលត្រីពក -ការនេសាទដោយប្រើអគ្គិសនី -ការនេសាទហួសកម្រិត -ការនេសាទគឺជាមុខរបរប្រចាំថ្ងៃាបស់ប្រជាជន -នឹងជាអាហារប្រចាំថ្ងៃរបស់ប្រជាជន -ការនេសាទធ្វើប្រជាជនមានមុខរបររកស៊ីត្រឹមត្រូវ -ការនេសាទប្រើប្រាស់ឧបករណ៍នេសាទខុសច្បាប់ -ការបំផ្លាញជំរកត្រី -ការបកហូរទឹកចេញពី,រៀបរាប់ពីទំនាក់ទំនងរវាងការដាំដុះអាជីវកម្មព្រៃឈើនិងការនេសាទគឺធាតុគន្លឹះទាំងបីនេះមានអន្តរអំពើលើគ្នាទៅវិញទៅមក។​ ដើម្បីបំពេញតម្រូវការក្នុងផលិតកម្មនិងតម្រូវការផ្សេងៗទៀតមនុស្សនាំគ្នាកាប់ព្រៃឈើដែលជាហេតុនាំឲ្យមានការប្រែប្រួលអាកាសធាតុប៉ះពាល់ដល់ជីវិតមនុស្សសត្វនិងរុក្ខជាតិ។,15,10,3,0.6666666666666666,0.5546875,2,8,1,2
8,ចូររៀបរាប់អំពីទំនាក់ទំនងរវាងការដាំដុះអាជីវកម្មព្រៃឈើនិងនេសាទ។,ទំនាក់ទំនងរវាង ការដាំដុះអាជីវកម្មព្រៃឈើ និងការនេសាទ៖  _ ការដាំដុះអាជីវកម្មព្រៃឈើ និងការនេសាទ ជាភោគទ្រព្យយ៉ាងសំខាន់សម្រាប់ប្រជាជនក្នុងការទ្រទ្រង់ក្នុងជីវភាពរស់នៅនិងការអភិវឌ្ឍន៍ប្រទេសជាតិ   _ ដើម្បីបំពេញតម្រូវការក្នុងកសិកម្មផលិតកម្មនិងត្រូវការផ្សេងៗ មនុស្សនាំគ្នាកាប់ព្រៃឈើដើម្បីធ្វើអាជីវកម្មព្រៃឈើជាមូលហេតុធ្វើឲ្យអាកាសធាតុប្រែប្រួលប៉ះពាល់ដល់ជីវិតមនុស្ស សត្វ និងរុក្ខជាតិ  ​ _ អតិផលនៃប្រព័ន្ធកសិកម្ម នាំឲ្យមានកំណើននៃការប្រើប្រាស់គីមីនិងថ្នាំសម្លាប់សត្វល្អិត។ ជីគីមី និងថ្នាំសម្លាប់សត្វល្អិត ទាំងនោះហូរទៅផ្ដុំគ្នានៅតាមផ្លូវទឹកនានា បំផ្លាញជីវិតសត្វនិងពូជធម្មជាតិ។,រៀបរាប់ពីទំនាក់ទំនងរវាងការដាំដុះអាជីវកម្មព្រៃឈើនិងការនេសាទត្រី  ការដាំដុះអាជីវកម្មព្រៃឈើការនេសាទជាភពគ្រាប់សម្រាប់សំខាន់សម្រាប់ប្រទេសកម្ពុជា ក្នុងការទ្រទ្រង់ជីវភាពផងដែរក្នុងការអភិវឌ្ឍប្រទេសជាតិឲ្យមានកាន់តែរីកចម្រើនខ្លាំងឡើងខ្លាំងឡើងនិងធ្វើឲ្យប្រជាជនមានមុខរបរធ្វើដូចជាការនេសាទ ការធ្វើអាជីវកម្មព្រៃឈើ ដំណាំសម្រាប់ផ្គត់ផ្គង់ក្នុងស្រុកនិងនាំចេញទៅក្រៅប្រទេសជិតខាង ដែលធ្វើឲ្យមានប្រាក់ចំណូលដែលធ្វើឲ្យប្រជាជនកាត់បន្ថយភាពក្រីក្រនិងជួយផ្គត់ផ្គង់ជីវភាពរស់នៅ។,15,2,1,0.13333333333333333,0.59130859375,2,9,1,7
9,បុព្វហេតុអ្វីខ្លះដែលនាំឲ្យអាណាចក្រចេនឡាបែកបាក់ជាពីរគឺអាណាចក្រចេនឡាដីគោកនិងចេនឡាទឹកលិច?,បុព្វហេតុដែលនាំហើយអាណាចក្រចេនឡាបែកជាពីរគឺ -វិសាលភាពទឹកដីធំទូលាយ -ចម្បាំងអត់ឈប់ឈរ -សមន្ដរដ្ឋបះបោរចង់ផ្ដាច់ខ្លួន -វិបត្តិផ្ទៃក្នុង -ព្រះនាងជ័យទេវីគ្មានសមត្ថភាពគ្រប់គ្រង។,បុព្វហេតុដែលនាំហើយអាណាចក្រចេនឡាបែកជាពីរគឺ -វិសាលភាពទឹកដីធំទូលាយ -ចម្បាំងអត់ឈប់ឈរ -សមន្ដរដ្ឋបះបោរចង់ផ្ដាច់ខ្លួន -វិបត្តិផ្ទៃក្នុង -ព្រះនាងជ័យទេវីគ្មានសមត្ថភាពគ្រប់គ្រង។,7,7,4,1.0,0.91650390625,4,6,0,1
10,តើប្រទេសកម្ពុជាចូលជាសមាជិក សហគមន៍អាសុីអាគ្នេយ៍ទទួលបានផលវិជ្ជមាននិងផលអវិជ្ជមានដូចម្ដេចខ្លះ?,ប្រទេសកម្ពុជាចូលជាសមាជិកសាមាសហគមន៍អាស៊ីអាគ្នេយ៍ទទួលផលវិជ្ជមាននឹងអវិជ្ជមានដូចជា៖ +ផលវិជ្ជមាន៖ -កម្ពុជាលែងឯកោទៅទៀត -បានចូលរួមនៅរាល់ការសម្រេចចិត្តនានាក្នុងតំបន់ -កម្ពុជាបានឈរស្មើមុខមាត់ជាមួយបណ្ដាប្រទេសជាសមាជិកអាស៊ាន -កម្ពុជាមានដៃគូច្រើនទាំងក្នុងតំបន់និងពិភព -កម្ពុជាអាចពង្រីកអនុភាពនិងបង្កើតតួនាទីរបស់ខ្លួនកាន់តែសកម្មភាពដែលក្នុងតំបន់នៃអន្តរជាតិ -កម្ពុជាមានសិទ្ធពេញលេញក្រោមការរៀបចំកិច្ចប្រជុំធំៗក្នុងប្រទេសខ្លួនលក្ខណៈតំបន់និងពិភពលោក -ការលើកលែងទិដ្ឋការ -កម្ពុជាក្លាយជាកន្លែងវិនិយោគដ៏មានសក្តានុពលពាណិជ្ជកម្មរវាងពាណិជ្ជកម្មនិងស្រួលជាងមុនចំពោះទីផ្សារ -សេដ្ឋកិច្ចកម្ពុជាមានកំណើនរៀងរាល់ឆ្នាំ -ប្រជាជនអាចរកការងារធ្វើទាំងក្នុងប្រទេសក្នុងតំបន់និងក្រៅតំបន់ -កំណើនភ្ញៀវទេសចរជាច្រើន +ផលអវិជ្ជមាន៖ -ពាណិជ្ជកម្មសេដ្ឋកិច្ចដំណើរការមិនល្អ -កម្ពុជាបាត់បង់ជំនឿសាសនាប្រពៃណីទំនៀមទម្លាប់,ប្រទេសកម្ពុជាបានចូលជាសមាជិកអាស៊ានសហគមន៍អាស៊ីអាគ្នេយ៍ទទួលបានផលវិជ្ជមាននិងអវិជ្ជមានដូចជា៖ ផលវិជ្ជមាន៖ -កម្ពុជាលែងឯកោទៅទៀត -បានចូលរួមនូវរាល់ការសម្រេចចិត្តនានានៅក្នុងតំបន់កម្ពុជាមានដៃគូច្រើនទាំងក្នុងតំបន់និងពិភពលោក -កម្ពុជាបានឈរស្មើមុខស្មើមាត់ជាមួយបណ្ដាប្រទេសជាសមាជិកអាស៊ាន -កម្ពុជាបានពង្រីកអនុភាពនិងបង្កើតតួនាទីរបស់ខ្លួនកាន់តែសកម្មភាពនៅក្នុងតំបន់និងអន្តរជាតិ -កម្ពុជាមានឱកាសពេញលេញក្នុងការរៀបចំកិច្ចប្រជុំធំៗក្នុងប្រទេសខ្លួនលក្ខណៈតំបន់និងពិភពលោក -ការលើកលែងទិដ្ឋាការ -កម្ពុជាក្លាយជាកន្លែងវិនិយោគដ៏មានសក្តានុពល -ពានិជកម្មនាយស្រួលជាងមុនព្រោះសំបូរទីផ្សារ -សេដ្ឋកិច្ចកម្ពុជាមានកំណើនរករៀងរាល់ឆ្នាំ -ប្រជាជនអាចរកការងារធ្វើ -កំណើនភ្ញៀវទេសចរច្រើន ផលវិជ្ជមាន៖ -ពាណិជ្ជកម្មសេដ្ឋកិច្ចមិនដំណើរការ -កម្ពុជាបាត់បង់ជំនឿសាសនាប្រពៃណីទំនៀមទម្លាប់ -សេដ្ឋកិច្ចធ្លាក់ចុះ។,10,10,4,1.0,0.5498046875,2,5,2,5
11,តើសេដ្ឋកិច្ចកម្ពុជាពឹងផ្អែកលើវិស័យអ្វីជាសំខាន់?     ក/ ហេតុអ្វីបានជាគេនិយាយថាកម្ពុជាជាប្រទេសកសិកម្ម?     ខ/ តើគេចែកកសិករជាប៉ុន្មានប្រភេទ?អ្វីខ្លះ?,សេដ្ឋកិច្ចកម្ពុជាពឹងផ្អែកលើវិស័យកសិកម្មជាសំខាន់។   ក/ បានជាគេនិយាយថាកម្ពុជាជាប្រទេសឧស្សាហកម្មព្រោះ៖  _  សណ្ឋានដី : ដីមានជីវជាតិល្អនិងសម្បូរទំនាបល្បាប់   _ ផ្លូវទឹក : ផ្លូវទឹកខ្វាត់ខ្វែងងាយស្រួលដល់ការដាំដុះ  _ ប្រជាជន : ប្រជាជនខ្មែរភាគច្រើនចូលចិត្តធ្វើកសិកម្ម  _ អាកាសធាតុ : ទទួលអាកាសធាតុក្តៅសើម  _ កសិកម្មផ្តល់ផល50%នៃផលិតផលជាតិសរុប។  ខ/ គេចែកកសិករទាំងនោះជា4ប្រភេទគឺ៖  _ កសិករធ្វើស្រែឬអ្នកស្រែ : និយមធ្វើស្រែ ស្រូវប្រាំង ស្រូវវស្សា ស្រូវឡើងទឹក  _ កសិករតំបន់ដីខ្ពស់ : គេដាំដំណាំជាអចិន្ត្រៃយ៍(ពោត ដំឡូង ចេក កៅស៊ូសណ្តែក)  _ កសិករធ្វើចម្ការដំណាំស្រូវ : គេដាំដំណាំតាមមាត់ទន្លេ ចិញ្ចឹមសត្វនិងនេសាទ  _ កសិករភូមិភាគឦសាន: គេធ្វើដំណាំព្រៃដុតមានដូចជាពោត ដំឡូង ស្រូវរុក្ខជាតិយកមើមដទៃទៀត និងបរបាញ់សត្វផងដែរ។,សេដ្ឋកិច្ចជាតិផ្អែកលើវិស័យកសិកម្មជាសំខាន់ព្រោះវិស័យនេះសំខាន់ដល់ជាតិដូចជា៖ -និយាយថាកម្ពុជាជាប្រទេសកសិកម្មព្រោះសម្បូរទៅដោយដីមានជីវជាតិល្អ -អនុផលការដាំដុះក្នុងព្រៃឈើដំណាំស្រូវអង្ករជាងគេនៅក្នុងប្រទេសជុំវិញអាស៊ី -កសិកម្មព្រៃដុតគឺដុតព្រៃឈើ -កសិកម្ម អាកាសធាតុអំណោយផលដល់ការដាំដុះ -ការចិញ្ចឹមត្រី -កសិកម្មនេសាទត្រីមាសទីបីកក្កដា តាមព្រៃ -កសិករដាំដុះស្រូវក៏គោលបំណងនៃការចិញ្ចឹម(សត្វមាន់ទា)  +គេបែងចែក៤នោះមួយគឺ -កសិករមិនដាំស្រូវគឺជាកសិករតែធ្វើការដាំដំណាំផ្សេងផ្សេង តែចាំសួរនៅឡើយ  -កសិករធ្វើស្រែចម្ការគឺជាកសិករធ្វើស្រែដាំស្រូវតាមរដូវនិងដាំដំណាំផ្សេងៗផងដែរ -កសិករដាំស្រូវ,20,15,3,0.75,0.55615234375,2,11,1,4
12,សេដ្ឋកិច្ចកម្ពុជាពឹងផ្អែកលើវិស័យកសិកម្មជាសំខាន់៖ ​ក.​ ហេតុអ្វីបានជាគេនិយាយថាកម្ពុជាជាប្រទេសកសិកម្ម? ខ. តើគេចែកកសិករទាំងនោះជាប៉ុន្មានប្រភេទ?,សេដ្ឋកិច្ចកម្ពុជាបានផ្អែកលើវិស័យកសិកម្មជាសំខាន់៖ ក​. បានជាគេនិយាយថាប្រទេសកម្ពុជាជាប្រទេសកសិកម្មដោយសារ -ផ្ទៃដីនៅប្រទេសកម្ពុជាប្រហែល៩០ភាគរយសិតតែដំណាំស្រូវ -ប្រជាជនកកម្ពុជា ៧០.៣ភាគរយធ្វើកសិកម្ម -កសិកម្មជួយឲ្យប្រជាជនកម្ពុជាមានការងារធ្វើ -ប្រជាជននិយមធ្វើកសិកម្ម -ដីនៅកម្ពុជាប្រកបជាមួយកាធ្វើកសិកម្ម -កម្ពុជាមានអាកាសធាតុសមស្របសម្រាប់ធ្វើកសិកម្ម ខ. គេចែកកសិកម្មទាំងនោះជាពីរប្រភេទ៖ +កសិករខ្នាតតូច -ធ្វើកសិកម្មដើម្បីជីវិត -ធ្វើលក្ខណៈតិចតួច ទុកតែបរិភោគសម្រាប់គ្រួសារ -មិនលក់ឲ្យអ្នកណា +កសិករខ្នាតធំ -ធ្វើកសិកម្មច្រើនហើយទុកសម្រាប់លក់ឬនាំចេញទៅក្រៅប្រទេស -ធ្វើមួយឆ្នាំអាចទៅពីរលើក -ធ្វើលក្ខណៈច្រើន ដើម្បីលក់និងនាំចេញ។,សេដ្ឋកិច្ចកម្ពុជាបានផ្អែកលើវិស័យកសិកម្មជាសំខាន់។ ក. បានជាគេនិយាយថាកម្ពុជាជាប្រទេសកសិកម្មព្រោះ៖ -ប្រជាជន៨៥%ទៅ៩០%ជាអ្នកធ្វើស្រែ -កសិកម្ម៧២.៣%ជាដំណាំស្រូវ -ប្រទេសកម្ពុជាស្ថិតនៅតំបន់ត្រូពិចក្ដៅហើយសើមដែលទទួលរងណីខ្យល់ព្យុះមូសុងដែលអនុគ្រោះដល់ដំណាំស្រូវកៅស៊ូនិងបន្លែ ផ្លែឈើ -កម្ពុជាពឹងផ្អែកលើវិស័យកសិកម្មធំជាងគេ -ជួយកាត់បន្ថយប្រជាជនចំណាត់ស្រុក -ជាដំណាំចិញ្ចឹមពោះ។ ខ. គេចែកកសិករជាពីរប្រភេទ៖ -កសិករធ្វើស្រែដើម្បីចិញ្ចឹមពោះនិងសម្រាប់លក់ នាំចេញទៅក្រៅប្រទេស -កសិករចិញ្ចឹមសត្វ គោរ ក្របី មាន់ទា និងត្រីសម្រាប់ជីវភានឲពរស់នៅលក់ទៅកាន់ផ្សារ។,15,12,3,0.8,0.650390625,3,10,0,2
13,ហេតុអ្វីបានជាផ្នែកឯកជនជាកម្លាំងដ៏សំខាន់សម្រាប់វិនិយោគ និងធ្វើឲ្យមានកំណើនសេដ្ឋកិច្ចក្នុងប្រទេស?,បានជាផ្នែកឯកជនជាកម្លាំងដ៏សំខាន់សម្រាប់កំណើនសេដ្ឋកិច្ចកម្ពុជាព្រោះ -កម្ពុជាបានអនុវត្តសេដ្ឋកិច្ចទីផ្សារសេរីដោយបានធ្វើកំណែទម្រង់ពីសហគ្រាសរដ្ឋឲ្យក្លាយទៅជាកម្មសិទ្ធិឯកជន -សេដ្ឋកិច្ចទីផ្សារសេរីនាំឲ្យអ្នករកស៊ីចូលចិត្តមករកស៊ីនិងដាក់វិនិយោគទុន -កាលណាភ្នែកឯកជនរឹងមាំអាចជួយបំពេញបន្ថែមលើវិនិយោគសាធារណៈក្នុងវិស័យសេដ្ឋកិច្ចគឺផ្នែកឯកជនអាចស្រូបយកកម្លាំងពលកម្មកើនឡើង។,បានជាផ្នែកឯកជនជាកម្លាំងដ៏សំខាន់សម្រាប់វិនិយោគនិងធ្វើឲ្យមានកំណើនសេដ្ឋកិច្ចក្នុងប្រទេស។,15,2,1,0.13333333333333333,0.55419921875,2,8,1,6
14,តើអាមីបរស់នៅកន្លែងណា ?វាបង្កជំងឺអ្វី?,អាមីបរស់នៅកន្លែងដូចជាស្ទឹងបឹងអូរត្រពាំងទន្លេទឹកជ្រោះ។ វាបង្កជំងឺដូចជា ជំងឺរាគមួល ធ្វើឲ្យយើងចុកពោះដោយផឹកទឹកមិនស្អាត,អាមីបរស់នៅកន្លែងដែលមិនស្អាតដូចជា ដីភក់ ទឹកកខ្វក់ និងលូទឹកស្អុយ ។វាបង្កជំងឺ រាគមួលដល់មនុស្ស។,8,7,4,0.875,0.90087890625,4,7,0,0
15,តើអាណាចក្រភ្នំមានព្រំប្រទល់ជាប់ប្រទេសណាខ្លះ?,អាណាចក្រភ្នំមានព្រំប្រទល់ជាប់ប្រទេសដូចជា -ខាងជើងជាប់ចិន -ខាងត្បូងជាឈូងសមុទ្រខ្មែរ -ខាងកើតជាប់រដ្ឋចម្ប៉ា -ខាងលិចជាប់រដ្ធមនឬភូមា។,អាណាចក្រភ្នំមានព្រំប្រទល់ខាងជើងជាប់នឹងប្រទេសចិន(រដ្ឋណានឆាវនិងតុងតឹង)ខាងកើតជាប់រដ្ឋចម្ប៉ា(ឈូងសមុទ្រចិន)និងខាងត្បូងជាប់និងឈូងសមុទ្រខ្មែរ(នគរភ្នំ)និងខាងលិចជាប់រដ្ឋមនឬភូមា។,6,6,4,1.0,0.9130859375,4,5,0,1
16,តើគេចែកយុគសម័យបុរេប្រវត្តិសាស្ត្រកម្ពុជាជាប៉ុន្មានយុគសម័យ?អ្វីខ្លះ?,គេចែកយុគសម័យបុរេប្រវត្តិសាស្ត្រកម្ពុជាជាបីយុគសម័យគឺ -យុគថ្មបំបែក (600000 - 12000 ឆ្នាំមុនគ.ស) -យុគថ្មរលីងឬសំលៀង (8000 - 2000 ឆ្នាំមុនគ.ស) -យុគលោហៈ(2000-100 ឆ្នាំមុនគ.ស)។,គេចែកយុគសម័យបុរេប្រវត្តិសាស្ត្រកម្ពុជាជាបីយុគសម័យគឺ -យុគថ្មបំបែក (600000 - 12000 ឆ្នាំមុនគ.ស) -យុគថ្មរលីងឬសំលៀង (8000 - 2000 ឆ្នាំមុនគ.ស) -យុគលោហៈ(2000-100 ឆ្នាំមុនគ.ស)។,5,5,4,1.0,0.96728515625,4,5,0,0
17,សេដ្ឋកិច្ចកម្ពុជាពឹងផ្អែកលើវិស័យកសិកម្មជាសំខាន់៖ ​ក.​ ហេតុអ្វីបានជាគេនិយាយថាកម្ពុជាជាប្រទេសកសិកម្ម? ខ. តើគេចែកកសិករទាំងនោះជាប៉ុន្មានប្រភេទ?,សេដ្ឋកិច្ចកម្ពុជាបានផ្អែកលើវិស័យកសិកម្មជាសំខាន់៖ ក​. បានជាគេនិយាយថាប្រទេសកម្ពុជាជាប្រទេសកសិកម្មដោយសារ -ផ្ទៃដីនៅប្រទេសកម្ពុជាប្រហែល៩០ភាគរយសិតតែដំណាំស្រូវ -ប្រជាជនកកម្ពុជា ៧០.៣ភាគរយធ្វើកសិកម្ម -កសិកម្មជួយឲ្យប្រជាជនកម្ពុជាមានការងារធ្វើ -ប្រជាជននិយមធ្វើកសិកម្ម -ដីនៅកម្ពុជាប្រកបជាមួយកាធ្វើកសិកម្ម -កម្ពុជាមានអាកាសធាតុសមស្របសម្រាប់ធ្វើកសិកម្ម ខ. គេចែកកសិកម្មទាំងនោះជាពីរប្រភេទ៖ +កសិករខ្នាតតូច -ធ្វើកសិកម្មដើម្បីជីវិត -ធ្វើលក្ខណៈតិចតួច ទុកតែបរិភោគសម្រាប់គ្រួសារ -មិនលក់ឲ្យអ្នកណា +កសិករខ្នាតធំ -ធ្វើកសិកម្មច្រើនហើយទុកសម្រាប់លក់ឬនាំចេញទៅក្រៅប្រទេស -ធ្វើមួយឆ្នាំអាចទៅពីរលើក -ធ្វើលក្ខណៈច្រើន ដើម្បីលក់និងនាំចេញ។,សេដ្ឋកិច្ចកម្ពុជាបានផ្អែកលើវិស័យកសិកម្មជាសំខាន់៖ +បានជាគេនិយាយថាកម្ពុជាជាប្រទេសកសិកម្មព្រោះ៖ -កសិករ (២៣.៣០%) ជាអ្នកធ្វើស្រែចម្ការ -ស្រូវជាអាហារចាំបាច់របស់មនុស្ស -អ្នកធ្វើស្រូវភាគច្រើន -ស្រូវតំណាងឲ្យប្រទេសជាតិ និងនាំចេញទៅបរទេស -មានមូលដ្ឋាននៅជនបទ -ស្រូវជារបស់ចាំបាច់សម្រាប់លក់ +គេចែកកសិករទាំងនោះជា២ប្រភេទគឺ៖ -ធន់ធ្ងន់ៈ ការធ្វើស្រែចម្ការ ការលីសែង -ធន់ស្រាលៈ ការចិញ្ចឹមសត្វ ការលក់ដូរ ការទិញទំនិញ...។,15,5,1,0.3333333333333333,0.66552734375,3,10,2,5
18,ហេតុអ្វីបានជាមនុស្សស្រូបយកខ្យល់ដែលមានកាបូនម៉ណូអុកស៊ីតអាចបង្កគ្រោះថ្នាក់ដល់ស្លាប់បាន?,បានជាមនុស្សស្រូបយកខ្យល់ដែលមានកាបូនម៉ូណូអុកស៊ីដអាចបង្កឲ្យមានគ្រោះថ្នាក់ដល់ស្លាប់ បានព្រោះកាបូនម៉ូណូអុកស៊ីដមានសមត្ថភាពចាប់យក ក្នុងឈាមបានខ្លាំងជាងអុកស៊ីសែន វារារាំងឈាមមិនឲ្យដឹកនាំអុកស៊ីសែនទៅចិញ្ចឹមសរីរាង្គជាពិសេសខួរក្បាលដែលបណ្តាលឲ្យ ស្លាប់និង សន្លប់ ។,បានជាមនុស្សស្រូបយកខ្យល់ដែលមានកាបូនម៉ូណូអុកស៊ីដអាចបង្កឲ្យមានគ្រោះថ្នាក់ដល់ស្លាប់ បានព្រោះកាបូនម៉ូណូអុកស៊ីដមានសមត្ថភាពចាប់យក ក្នុងឈាមបានខ្លាំងជាងអុកស៊ីសែន វារារាំងឈាមមិនឲ្យដឹកនាំអុកស៊ីសែនទៅចិញ្ចឹមសរីរាង្គជាពិសេសខួរក្បាលដែលបណ្តាលឲ្យ ស្លាប់និង សន្លប់ ។,5,4,3,0.8,0.9169921875,4,5,1,1
19,ហេតុអ្វីបានជាផ្នែកឯកជនជាកម្លាំងដ៏សំខាន់សម្រាប់វិនិយោគនិងធ្វើឲ្យមានកំណើនសេដ្ឋកិច្ចក្នុងប្រទេស?,បានជាផ្នែកឯកជនជាកម្លាំងដ៏សំខាន់សម្រាប់វិនិយោគនិងធ្វើឲ្យមានកំណើនសេដ្ឋកិច្ចក្នុងប្រទេស ព្រោះប្រទេសកម្ពុជាជាប្រទេសអភិវឌ្ឍន៍ សេដ្ឋកិច្ចទីផ្សារដោយបានធ្វើកំណែទម្រង់សហគ្រាសឧស្សាហកម្មឲ្យក្លាយទៅជាកម្មសិទ្ធិឯកជន ។ សេដ្ឋកិច្ចទីផ្សារសេរីនេះនាំឲ្យអ្នករកស៊ីបរទេសចូលចិត្តមកវិនិយោគ ហើយកាលណាផ្នែកឯកជនរឹងមាំមកវិនិយោគ ហើយកាលណាផ្នែកឯកជនមិនរឹងមាំអាចបំពេញបន្ថែមវិនិយោគនិងវិស័យសង្គមកិច្ចមានន័យថាវិស័យឯកជនស្រូបយកកម្លាំងការងារកាន់តែកើនឡើង។,បានជាផ្នែកឯកជនជាកម្លាំងដែលសំខាន់សម្រាប់វិនិយោគ និងធ្វើឲ្យមានកំណើនសេដ្ឋកិច្ចក្នុងប្រទេសព្រោះ ឧស្សាហកម្មនិងកសិកម្មបាននាំមកនូវចំណូលចូលជាតិ ដែលធ្វើឲ្យជាតិកាន់តែរីកចម្រើនពីមួយថ្ងៃទៅមួយខែពីមួយខែជាមួយឆ្នាំធ្វើឲ្យសង្គមរីកចម្រើនគ្រប់វិស័យ សង្គមមានការអភិវឌ្ឍន៍មានក្រុមហ៊ុនច្រើននៅក្នុងប្រទេស បង្កើតឱកាសក្នុងការនាំចេញ មានការប្រកួតប្រជែងទីផ្សារ។,15,5,1,0.3333333333333333,0.9169921875,4,14,3,9
20,រៀបរាប់ពីទំនាក់ទំនងរវាងការដាំដុះអាជីវកម្មព្រៃឈើនិងនេសាទ។,ទំនាក់ទំនងរវាងការដាំដុះ អាជីវកម្មព្រៃឈើ និងការនេសាទមានដូចជា៖ -ការដាំដុះដោយប្រើជីធម្មជាតិ -ការប្រើប្រាស់ជីគីមី -ដាំដុះនិងធ្វើតាមរដូវ -អាជីវកម្មព្រៃឈើ -ការកាប់បំផ្លាញព្រៃឈើ -ការដុតព្រៃឈើ -ការកាប់ឈើយកទៅធ្វើអាជីវកម្ម +ការនេសាទ -ការនេសាទត្រីពេលត្រីពក -ការនេសាទដោយប្រើអគ្គិសនី -ការនេសាទហួសកម្រិត -ការនេសាទគឺជាមុខរបរប្រចាំថ្ងៃាបស់ប្រជាជន -នឹងជាអាហារប្រចាំថ្ងៃរបស់ប្រជាជន -ការនេសាទធ្វើប្រជាជនមានមុខរបររកស៊ីត្រឹមត្រូវ -ការនេសាទប្រើប្រាស់ឧបករណ៍នេសាទខុសច្បាប់ -ការបំផ្លាញជំរកត្រី -ការបកហូរទឹកចេញពី,រៀបរាប់អំពីទំនាក់ទំនងរវាងការដាំដុះអាជីវកម្មព្រៃឈើនិងការនេសាទការដាំដុះអាជីវកម្មព្រៃឈើការឈើដើមឈើធំៗដើម្បីធ្វើផ្ទះធ្វើឧបករណ៍ប្រើប្រាស់ការនាំដើមឈើធំៗដែលកំពុងអភិរក្សបណ្ដាលអាខុសច្បាប់ការដាំដើមឈើឲ្យមានធំមានចន្លោះពី 5 ឆ្នាំទៅ 8 ឆ្នាំការ ចាប់គាស់ព្រៃឈើយកធ្វើលំនៅឋានការដុតព្រៃឈើបណ្ដាលឲ្យប៉ះពាល់ដល់ចម្រកផ្សិតព្រៃការជួញដូរឈើល្អៗដោយខុសច្បាប់ ការនេសាទការធ្វើសកម្មភាពឆក់ត្រូវធំៗដែលបណ្ដាលឲ្យត្រីដែលតូចៗងាប់អស់បាត់បង់ពូជត្រី។ការបង់សំណាញ់ត្រីដោយប្រើនាវាធំៗផ្កានេសាទបែបគ្រួសារការរាយពងយកត្រីឬទូចត្រូវជាដើមការនេសាទខ្នាតតូចយកមកលក់នៅទីផ្សារ,15,3,1,0.2,0.74072265625,3,11,2,8
21,តើកត្តាអ្វីខ្លះដែលធ្វើអោយសម័យអង្គររីកចម្រើនដល់កំពូល?​ ចូលរៀបរាប់។,កត្តាដែលធ្វើអោយសម័យអង្គររីកចម្រើនគឺ: កត្តាព្រះរាជា:ព្រះរាជាចាប់ពីព្រះបាទជ័យវរ្ម័នទី 2 រហូតដល់ព្រះបាទជ័យវរ្ម័នទី 7 សុទ្ធតែជាស្ដេចខ្លាំងពូកែ កត្តានយោបាយ: នយោបាយក្នុងប្រទេសបង្រួបបង្រួមជាតិកសាងនិងការពារទឹកដី នយោបាយក្រៅប្រទេស:ចងសម្ព័ន្ធមិត្តជាមួយប្រទេសធំៗវាយយករដ្ឋតូចដាក់ជាចំណុះ កត្តាសេដ្ឋកិច្ច:រីកចម្រើនលើវិស័យកសិកម្មសិប្បកម្មគណនាគម កត្តាសាសនា:ការឯកភាពគ្នារវាងសាសនាព្រាហ្មនិងព្រះពុទ្ធ កត្តាធនធានមនុស្សបន្សល់ទុកតាំងពីសម័យនគរភ្នំនិងចេនឡាមក។,កត្តាដែលធ្វើអោយសម័យអង្គររីកចម្រើនគឺ: កត្តាព្រះរាជា:ព្រះរាជាចាប់ពីព្រះបាទជ័យវរ្ម័នទី 2 រហូតដល់ព្រះបាទជ័យវរ្ម័នទី 7 សុទ្ធសឹងតែជាស្ដេចខ្លាំងពូកែ កត្តានយោបាយ: នយោបាយក្នុងប្រទេសបង្រួបបង្រួមជាតិកសាងនិងការពារទឹកដី នយោបាយក្រៅប្រទេស:ចងសម្ព័ន្ធមិត្តជាមួយប្រទេសធំៗវាយយករដ្ឋតូចដាក់ជាចំណុះ កត្តាសេដ្ឋកិច្ច:រីកចម្រើនលើវិស័យកសិកម្មសិប្បកម្មគណនាគមន៍ កត្តាសាសនា:ការឯកភាពគ្នារវាងសាសនាព្រាហ្មនិងព្រះពុទ្ធ កត្តាធនធាន:មនុស្សបន្សល់ទុកតាំងពីសម័យនគរភ្នំនិងចេនឡាមក។,10,10,4,1.0,0.9609375,4,10,0,0
22,តើប្រព័ន្ធផលិតកម្មកសិកម្មនៅប្រទេសកម្ពុជាមានអ្វីខ្លះ?,ប្រព័ន្ធផលិតកម្មកសិកម្មនៅកម្ពុជាមានដូចជាដំណាំដំណាំស្រូវនិងកៅស៊ូដឹកនាំផ្សេងៗទៀតការចិញ្ចឹមសត្វបានចិញ្ចឹមសត្វលើគោកការចិញ្ចឹមសត្វក្នុងទឹកការនេសាទការនេសាទទឹកសាបការនេសាទទឹកប្រៃ  ព្រៃឈើអនុផលព្រៃឈើរកឃ្មុំជ័រទឹកក្តៅសត្វព្រៃ,ប្រព័ន្ធផលិតកម្មកសិកម្មនៅប្រទេសកម្ពុជាមានដូចជាហើយបានក្លាយជាកសិកម្មសិទ្ធិឯកជនជាបន្តបន្ទាប់ -ដើម្បីឲ្យវិស័យឯកជនមានភាពការជឿជាក់និងភាពកក់ក្តៅរដ្ឋាភិបាលបានតម្រូវ -ធានាឲ្យមានសន្តិភាពស្ថេរភាពនយោបាយ -ច្បាប់និងសម្រាប់ធ្នាប់ -កំណើនម៉ាក្រូសេដ្ឋកិច្ច -គោលនយោបាយរូបិយវត្ថុ -ការកាត់បន្ថយអំពើពុករលួយ,15,2,1,0.13333333333333333,0.73974609375,3,11,2,9
23,តើប្រទេសកម្ពុជាចូលជាសមាជិក សហគមន៍អាស៊ីអាគ្នេយ៍ទទួលផលវិជ្ជមាននិងអវិជ្ជមានដូចម្តេចខ្លះ?,ពណ៌នាពីពីការអភិវឌ្ឍសេដ្ឋកិច្ច សង្គម នៅកម្ពុជាពីឆ្នាំ១៩៩៣ មកទល់សព្វថ្ងៃ .វិស័យសេដ្ឋកិច្ច:  +សេដ្ឋកិច្ចកម្ពុជាមានការរីកចម្រើនឡើងជាបន្តបន្ទាប់ដែលធ្វើឲ្យប្រទេសកម្ពុជាមានជីវភាពល្អប្រសើរ។ +កសិកម្មរីកចម្រើនខាងដាំដំណាំស្រូវទទួលបានទិន្នផលខ្ពស់ជាបន្តបន្ទាប់ +ឧស្សាហកម្មមានតំណាងរោងចក្រច្រើនកន្លែងនិងលើកឡើងនៅសហគ្រឿងធំៗដែលបានផ្ដល់ចំណូលដល់ប្រជាពលរដ្ឋ +ពាណិជ្ជកម្មកាលនាំចូលមកក្នុងប្រទេសនិងមានវិនិយោគក្នុងប្រទេស +គមនាគមន៍កសាងស្ពានផ្លូវថ្នល់អាកាសយានដ្ឋានផ្គត់ផ្គង់ប្រព័ន្ធទឹកពីទីក្រុងដល់ជនបទ កំពុងផែ +ហិរញ្ញវត្ថុមានស្ថេរភាពក្នុងអត្រាប្ដូរប្រាក់ +ធនាគារលើកឡើងនៅធនាគារជាតិហ្នឹងឯកជនជាច្រើន .វិស័យសង្គម +ការអប់រំសិក្សា បង្កើតសាលារៀនគ្រប់កម្រិតពីមត្តីរហូតដល់ឧត្តមសិក្សាបណ្ដុះបណ្ដាលធនធានមនុស្សនិងបញ្ជូននិស្សិតឲ្យទៅរៀននៅក្រៅប្រទេស។ +វប្បធម៌អរិយធម៌ ស្ដារវប្បធម៌ឡើងវិញនិងដាក់បញ្ចូលជាសម្បត្តិបេតិកភណ្ឌពិភពលោកចាប់ផ្ដើមប្រជាជនមានសិទ្ធិជឿលើសាសនា។ +សុខាភិបាលបង្កើតឲ្យមានមន្ទីរពេទ្យលោកសុខភាពនិងឱសថសាស្ត្រ +សិល្បៈបង្កើតឲ្យមានសាលាសាកលវិទ្យាល័យសិល្បៈ.,+ផលវិជ្ជមាន -កម្ពុជាអាចមានទំនាក់ទំនងពាណិជ្ជកម្មជាមួយនឹងប្រទេសដែលជាសមាជិកក្នុងតំបន់ -កម្ពុជាមានឱកាសគប់ប្រជែងខ្ពស់ជាមួយនឹងប្រទេសក្នុងតំបន់ដែលអាចធ្វើឲ្យសេដ្ឋកិច្ចខ្មែររីកចម្រើន -កម្ពុជាទទួលបានកំណើនទេសចរណ៍និងភ្ញៀវទេសចរណ៍អន្តរជាតិ -កម្ពុជាចូលរួមក្នុងការដោះស្រាយបញ្ហាជាមួយនឹងប្រទេសដែលជាសមាជិកអាស៊ាន -មានការផ្លាស់ប្ដូរនៅផ្នែកចំណេះដឹងសង្គមវប្បធម៌និងកីឡាពីប្រទេសផ្សេងៗដែលជាសមាជិកអាស៊ាន -មានការប្ដូរគ្នាទៅវិញទៅមកនៅវិស័យអប់រំជាសាបខ្សែវិទ្យាព័ត៌មានថ្មីៗបន្ថែមទៀត -កម្ពុជាទទួលបានផលវិជ្ជមានដ្ឋាននិងសេដ្ឋកិច្ចរីកចម្រើននិងមានមុខមាត់លើឆាកអន្តរជាតិហើយគេស្គាល់ប្រទេសកម្ពុជាជាច្រើន -កម្ពុជាមានទំនាក់ទំនងល្អជាមួយប្រទេសផ្សេងៗជាភាសាទប្រទេសដែលជាសមាជិកអាស៊ាន +ផលអវិជ្ជមាន -កម្ពុជាមិនមែនជាដៃគូរគោកប្រជែងជាមួយប្រទេសដែលជាសម័យអាស៊ានទេ។ -ការនាំចេញមានគំនិតទាបជាងការនាំចូល -កម្ពុជាជាទីផ្សាររបស់គេ -កម្ពុជាត្រូវការជំនួយពីបរទេស -ប្រធានមនុស្សនិងសម្ភារៈនៅមានកម្រិតនៅឡើយ។,10,10,4,1.0,0.6240234375,2,6,2,4
24,ដូចម្តេចដែលហៅថាមេយ៉ូស? ចូរនិយាយពីវគ្គផ្សេងៗនៃមេយ៉ូស។,មេយ៉ូសជាសំណុំនៃចំណែកកោសិកាពីរដងបន្តបន្ទាប់គ្នាដែលបង្កើតបានជាកោសិកាអាលូអុីតបួន ហៅថាមេយ៉ូស ។ _តេឡូផាស1 ស៊ីតូប្លាសចែកខ្លួនបានជាកោសិកាកូនពីរ ។កោសិកាកូននីមួយៗទទួលបានក្រូម៉ូសូម តែមួយពីរគូអូម៉ូឡូក ។ _ប្រផាស1 មានរយៈពេលវែង ។ _អាណាផាស1 ក្រូម៉ូសូមដំរៀបលើផ្លាស់ភ្ជាប់នឹងក្រយ៉ូងក្រូម៉ាទិចដោយសង់ក្រូងទ័ររបស់វា ។ _តេឡូផាស2 ក្រូម៉ូមនីមួយៗបានមកដល់ប៉ូលភ្នាស _មេតាផាស2 ក្រូម៉ូសូមប្រេះតាមបណ្ដោយភ្ជាប់ខ្លួនទៅនិងក្រយ៉ងក្រូម៉ាទិចដោយសង់ _ប្រូដាស2 ត្តយ៉ងអាក្រូម៉ាទិតកើតមានក្នុងកោសិកាគូនីមួយៗ _អាណាផាស2 សង់ក្រូម៉ែធ្វើចំណែកដែលនាំអោយក្រូម៉ាទិចបងប្អូនដាច់ចេញពីគ្នា ។បន្ទាប់មក ក្រូម៉ូសូមកូនទាំង2ធ្វើដំណើរឆ្ពោះទៅប៉ូលផ្ទុយគ្នារបស់ត្រយ៉ូងអាក្រូម៉ាទិច ។,ដែលហៅថាមេយ៉ូសគឺជាសំណុំនៃចំណែកកោសិកាពីដងបន្តបន្ទាប់គ្នាបង្កើតបានជាកោសិកា អាប្លូអុីត4 ។វគ្គផ្សេងនៃមេយ៉ូសមានដូចជា  _ប្រផាស1 មានរយៈពេលវែង ។ _អាណាផាស1 ក្រូម៉ូសូមដំរៀបលើផ្លាស់ភ្ជាប់នឹងក្រយ៉ូងក្រូម៉ាទិចដោយសង់ក្រូងទ័ររបស់វា ។ _តេឡូផាស1 ស៊ីតូប្លាសចែកខ្លួនបានជាកោសិកាកូនពីរ ។កោសិកាកូននីមួយៗទទួលបានក្រូម៉ូសូម តែមួយពីរគូអូម៉ូឡូក ។,10,6,2,0.6,0.55419921875,2,6,0,0
25,តើអាណាចក្រភ្នំមានព្រំប្រទល់ជាប់ប្រទេសណាខ្លះ?,អាណាចក្រភ្នំមានព្រំប្រទល់ជាប់ប្រទេសដូចជា -ខាងជើងជាប់ចិន -ខាងត្បូងជាឈូងសមុទ្រខ្មែរ -ខាងកើតជាប់រដ្ឋចម្ប៉ា -ខាងលិចជាប់រដ្ធមនឬភូមា។,អាណាចក្រភ្នំមានព្រំប្រទល់ជាប់ប្រទេសដូចជា -ខាងជើងជាប់ចិន -ខាងត្បូងជាឈូងសមុទ្រខ្មែរ -ខាងកើតជាប់រដ្ឋចម្ប៉ា -ខាងលិចជាប់រដ្ឋមនឬភូមា។,6,6,4,1.0,0.89697265625,4,5,0,1
26,តើឧស្សាហកម្មមានតួនាទីដូចម្ដេចខ្លះចំពោះសេដ្ឋកិច្ចជាតិ?,ឧស្សាហកម្មមាន​តួនាទីចំពោះសេដ្ឋកិច្ចជាតិដូចជា ៖ ​ _ ជួយបង្កើតថវិការជាតិ ​ _ ជួយបង្កើតទិន្នផលជាតិ ​​ _ ជួយឲ្យសេដ្ឋកិច្ចជាតិរីកចម្រើន  _ ប្រជាជនសំបូរធូរធារ  _អភិវឌ្ឍគ្រប់វិស័យ  _ មានទំនាក់ទំនងល្អជាមួយអ្នកជិតខាង  _ មានភាពរុងរឿងនៅក្នុងប្រទេសជាតិ។,ឧស្សាហកម្មមានតួនាទីចំពោះសេដ្ឋកិច្ចជាតិដូចជា ៖ _ ជួយបង្កើនប្រាក់ចំណូលជូនជាតិ23.8% 2008 _ បង្កើតការងារជូនប្រជាជន  _ បង្កើតប្រាក់ចំណូលក្នុងគ្រួសារ  _ ប្រជាជនមានជីវភាពធូរធារ _ ជួយរក្សាលំនឹងជញ្ជីងពាណិជ្ជកម្ម  _ ផ្ដល់ផលិតផលសម្រាប់នាំចេញ  _ ផ្ដល់ផលិតផលសម្រាប់ប្រើប្រាស់។,15,15,4,1.0,0.9453125,4,14,0,1
27,ហេតុអ្វីបានជាផ្នែកឯកជនជាកម្លាំងដ៏សំខាន់សម្រាប់វិនិយោគនិងធ្វើឲ្យមានកំណើនសេដ្ឋកិច្ចក្នុងប្រទេស?,បានជាផ្នែកឯកជនជាកម្លាំងដ៏សំខាន់សម្រាប់វិនិយោគនិងធ្វើឲ្យមានកំណើនសេដ្ឋកិច្ចក្នុងប្រទេស ព្រោះប្រទេសកម្ពុជាជាប្រទេសអភិវឌ្ឍន៍ សេដ្ឋកិច្ចទីផ្សារដោយបានធ្វើកំណែទម្រង់សហគ្រាសឧស្សាហកម្មឲ្យក្លាយទៅជាកម្មសិទ្ធិឯកជន ។ សេដ្ឋកិច្ចទីផ្សារសេរីនេះនាំឲ្យអ្នករកស៊ីបរទេសចូលចិត្តមកវិនិយោគ ហើយកាលណាផ្នែកឯកជនរឹងមាំមកវិនិយោគ ហើយកាលណាផ្នែកឯកជនមិនរឹងមាំអាចបំពេញបន្ថែមវិនិយោគនិងវិស័យសង្គមកិច្ចមានន័យថាវិស័យឯកជនស្រូបយកកម្លាំងការងារកាន់តែកើនឡើង។,ព្រោះវិស័យឯកជនជាក្បាលម៉ាស៊ីនសំខាន់សម្រាប់វិនិយោគនិងធ្វើឱ្យមានកំណើនសេដ្ឋកិច្ចក្នុងប្រទេសព្រោះ៖ -សេដ្ឋកិច្ចកម្ពុជាក្នុងប្រទេសមានការលូតលាស់ -ប្រទេសកម្ពុជាជាប្រទេស មួយទសវត្សរ៍ ទីផ្សារស្រីតាំងពីឆ្នាំមួយពាន់បួនរយកៅសិបបី  -សេដ្ឋកិច្ចទីផ្សារសេរីភាពឲ្យអ្នករកស៊ីបរទេសចូលចិត្តរកស៊ីទីផ្សារមានការរីកចម្រើនច្រើន។,15,7,2,0.4666666666666667,0.916015625,4,14,2,7
28,តើគេចែកប្រូទីសជាប៉ុន្មានក្រុម?អ្វីខ្លះ?,ប្រូទីសសត្វចែកជា 4 ក្រុមតាមរបៀបរស់នៅនឹងផ្លាស់ទីរបស់វា  +ប្រូតូសូអ៊ែផ្លាស់ទីដោយជើងបញ្ឆោត: អាមីប +ប្រូតូសូអ៊ែផ្លាស់ទីដោយផ្លាសែល : សាឌីយ៉ា +ប្រូតូសូអ៊ែបន្តពូជតាមរយ:ស្ប៉ :ស្ប៉រ៉ូសូអ៊ែ។,ប្រូទីសសត្វចែកជា 4 ក្រុមតាមរបៀបរស់នៅនឹងផ្លាស់ទីរបស់វា  +ប្រូតូសូអ៊ែផ្លាស់ទីដោយជើងបញ្ឆោត: អាមីប +ប្រូតូសូអ៊ែផ្លាស់ទីដោយផ្លាសែល : សាឌីយ៉ា +ប្រូតូសូអ៊ែបន្តពូជតាមរយ:ស្ប៉ :ស្ប៉រ៉ូសូអ៊ែ។,8,6,3,0.75,0.69873046875,3,6,0,0
29,តើសម័យឧដុង្គចាប់ពីឆ្នាំណាដល់ឆ្នាំណា?ហេតុអ្វីបានជាប្រទេសកម្ពុជាធ្លាក់ចុះខ្សោយកាន់តែខ្លាំងនៅសម័យឧដុង្គ។ចូរពន្យល់,សម័យឧដុង្គចាប់ពីឆ្នាំ បានជាប្រទេសកម្ពុជាធ្លាក់ចុះខ្សោយកាន់តែខ្លាំងនៅសម័យឧដុង្គព្រោះ សង្គ្រាមផ្ទៃក្នុងញឹកញាប់និងការជាវជ្រៀតជ្រែកពីសៀមនិងយួន ការប្រកួតប្រជែងដណ្ដើមរាជ្យបានឡើងក្នុងចំណោមព្រះរាជវង្សានុវង្ស បែកបាក់សាមគ្គីផ្ទៃក្នុងគ្មានការសាមគ្គីរួបរួមនៅក្នុងប្រទេសជិតខាង កម្ពុជាត្រូវបែកជាពីរផ្នែកដោយសារសៀមត្រួតត្រាផ្នែកខាងលិចបាត់ដំបងសៀមរាបត្រួតត្រាខាងត្បូង បាត់បង់ទឹកដីដោយសារខេត្តជាច្រើននៅភាគខាងលិចបាត់ដំបងសៀមរាបមង្គលបុរី ត្រូវបានធ្លាក់ក្នុងកណ្ដាប់ដៃសៀមនៅឆ្នាំនិងមុនបាត់បង់ដីភាគខាងកើតនៅវៀតណាម សេដ្ឋកិច្ចពឹងផ្អែកលើវិស័យកសិកម្មបុរាណដែល សួយសារអាករឲ្យគេ ចំណែកវប្បធម៌វិញវត្តអារាមត្រូវបានបំផ្លិចបំផ្លាញ ប្រទេសជាតិខ្សោយគ្មានកម្លាំងទប់ទល់នឹងការវាយលុកពីខាងក្រៅមន្ត្រីក្បត់ជាតិច្រើន ដោយសារ រាជវង្សផ្ទៃក្នុងការដណ្ដើមអំណាចគ្នា។,នៅសម័យឧដុង្គចាប់ពីឆ្នាំ ១៦២០-១៨៦៣។ បានជាប្រទេសកម្ពុជាធ្លាក់ខ្សោយយ៉ាងខ្លាំងកាន់តែខ្លាំងនៅសម័យឧដុង្គគឺ ដោយសារសង្គ្រាមនៅក្នុងស្រុកធ្វើឲ្យប្រជារាស្ត្រស្លាប់គ្មានផ្ទះនិងគ្របក្រតោកយ៉ាក សេដ្ឋកិច្ចធ្លាក់ចុះដោយសារគ្មានប្រជារាស្ត្រធ្វើកសិកម្មនិងជំនួញអ្វីឡើយគឺដោយសារសង្គ្រាមដីអត់ជីវជាតិ។,15,9,2,0.6,0.60791015625,2,9,0,0
30,តើអាណាចក្រភ្នំមានព្រំប្រទល់ជាប់ប្រទេសណាខ្លះ?,អាណាចក្រភ្នំមានព្រំប្រទល់ជាប់ប្រទេសដូចជា -ខាងជើងជាប់ចិន -ខាងត្បូងជាឈូងសមុទ្រខ្មែរ -ខាងកើតជាប់រដ្ឋចម្ប៉ា -ខាងលិចជាប់រដ្ធមនឬភូមា។,អាណាចក្រភ្នំមានព្រំប្រទល់ជាប់ប្រទេសដូចជា -ខាងជើងជាប់ចិន -ខាងត្បូងជាឈូងសមុទ្រខ្មែរ -ខាងកើតជាប់រដ្ឋចម្ប៉ា -ខាងលិចជាប់រដ្ឋមនឬភូមា។,6,6,4,1.0,0.89697265625,4,5,0,1
31,តើអាណាចក្រភ្នំមានព្រំប្រទល់ជាប់ប្រទេសណាខ្លះ?,អាណាចក្រភ្នំមានព្រំប្រទល់ជាប់ប្រទេសដូចជា -ខាងជើងជាប់ចិន -ខាងត្បូងជាឈូងសមុទ្រខ្មែរ -ខាងកើតជាប់រដ្ឋចម្ប៉ា -ខាងលិចជាប់រដ្ធមនឬភូមា។,អាណាចក្រភ្នំមានព្រំប្រទល់ជាប់ប្រទេសដូចជា -ខាងជើងជាប់ចិន -ខាងត្បូងជាឈូងសមុទ្រខ្មែរ -ខាងកើតជាប់រដ្ឋចម្ប៉ា -ខាងលិចជាប់រដ្ឋមនឬភូមា។,6,6,4,1.0,0.89697265625,4,5,0,1
32,តើសង្គមខ្មែរនៅសម័យអង្គរមានប៉ុន្មានវណ្ណៈ? វណ្ណៈអ្វីខ្លះ? ចូលរៀបរាប់។,សង្គមខ្មែរនៅសម័យអង្គរមានប្រាំវណ្ណៈគឺ -វណ្ណៈក្សត្រឬរាជវង្សនុវង្ស (ជាស្ដេចគ្រប់គ្រងប្រទេស -វណ្ណៈមន្ត្រី (អ្នករស់នៅក្នុងរាជវាំងបម្រើស្ដេច) -វណ្ណៈព្រាហ្ម៍ឬបុព្វជិត​(គឺជាអ្នកបួស) -វណ្ណៈអ្នកជាឬកសិករ (អ្នករស់នៅនឹងធ្វើស្រែចម្ការ) -វណ្ណៈអ្នកងារឬទាសករ(ទាសករបម្រើគេតកូនតចៅ)។,សង្គមខ្មែរនៅសម័យអង្គរមានប្រាំវណ្ណៈគឺ -វណ្ណៈក្សត្រឬរាជវង្សនុវង្ស: មានបុព្វសិទ្ធណាស់គ្មានការបង់ពន្ធ មានអំណាចគ្រប់គ្រាន់រស់នៅដោយស្រួលមិនចាំបាច់ធ្វើការងារ និងមិននឿយហត់ទេ -វណ្ណៈមន្ត្រី: ជាអ្នកដែលធ្វើការក្នុងវាំងនិងបម្រើព្រះរាជានិងមានសិទ្ធិអំណាចគ្រប់គ្រងលើការងារផ្សេងៗជំនួសព្រះរាជា។ -វណ្ណៈអ្នកបួសឬបុព្វជិត​: មានពួកប៉ាន់ឃាប ព្រាហ្ម៍បុរោហិត ជូគូនិងប៉ាវីស៊ី។ -វណ្ណៈអ្នកជា:ពួកមានឋន្តរនាមជាពួកឈ្មួញសិប្បករ កសិករនិងប្រជារាស្រ្ដសាមញ្ញ -វណ្ណៈអ្នកងារឬទាសករ:ពួកនេះជាអ្នកបម្រើគេអស់មួយជីវិតតកូនតចៅ។ភាគច្រើនពួកគេធ្វើការងារដូចជាសង់ប្រាសាទនិងបម្រើការងារក្នុងផ្ទះពួកអ្នកមាន។គេអាចលោះពួកនេះបានដោយប្រើសត្វពាហនទាំងពួង។,10,10,4,1.0,0.755859375,3,8,1,2
33,ដូចម្តេចដែលហៅថាមេយ៉ូស? ចូរនិយាយពីវគ្គផ្សេងៗនៃមេយ៉ូស។,មេយ៉ូសជាសំណុំនៃចំណែកកោសិកាពីរដងបន្តបន្ទាប់គ្នាដែលបង្កើតបានជាកោសិកាអាលូអុីតបួន ហៅថាមេយ៉ូស ។ _តេឡូផាស1 ស៊ីតូប្លាសចែកខ្លួនបានជាកោសិកាកូនពីរ ។កោសិកាកូននីមួយៗទទួលបានក្រូម៉ូសូម តែមួយពីរគូអូម៉ូឡូក ។ _ប្រផាស1 មានរយៈពេលវែង ។ _អាណាផាស1 ក្រូម៉ូសូមដំរៀបលើផ្លាស់ភ្ជាប់នឹងក្រយ៉ូងក្រូម៉ាទិចដោយសង់ក្រូងទ័ររបស់វា ។ _តេឡូផាស2 ក្រូម៉ូមនីមួយៗបានមកដល់ប៉ូលភ្នាស _មេតាផាស2 ក្រូម៉ូសូមប្រេះតាមបណ្ដោយភ្ជាប់ខ្លួនទៅនិងក្រយ៉ងក្រូម៉ាទិចដោយសង់ _ប្រូដាស2 ត្តយ៉ងអាក្រូម៉ាទិតកើតមានក្នុងកោសិកាគូនីមួយៗ _អាណាផាស2 សង់ក្រូម៉ែធ្វើចំណែកដែលនាំអោយក្រូម៉ាទិចបងប្អូនដាច់ចេញពីគ្នា ។បន្ទាប់មក ក្រូម៉ូសូមកូនទាំង2ធ្វើដំណើរឆ្ពោះទៅប៉ូលផ្ទុយគ្នារបស់ត្រយ៉ូងអាក្រូម៉ាទិច ។,មេយ៉ូសជាសំណុំនៃចំណែកកោសិកាពីរដងបន្តបន្ទាប់គ្នាដែលបង្កើតបានជាកោសិកាអាលូអុីតបួន ហៅថាមេយ៉ូស ។មានបួនវគ្គគឺ ប្រូផាស អាណាផាស មេតាផាស និង តេឡូផាស ។,10,4,2,0.4,0.55419921875,2,6,0,2
34,តើដំណាក់កាលទាំងពីរនៃវដ្ដជីវីតរបស់រុក្ខជាតិមានអ្វីខ្លះ? ចូររៀបរាប់។,ដំណាក់កាល ទាំងពីរនៃវដ្ដជីវិតរបស់រុក្ខជាតិមាន  - ដំណាក់កាលស្ប៉រ៉ូភីត គឺជារុក្ខជាតិផលិតស្ប៉។ វាជាកោសិកាតូចៗដែលអាចលូតលាស់ជាសារពាង្គកាយថ្មី  -ស្ប៉លូតលាស់ក្នុងដំណាក់កាលផ្សេងទៀតនៃរុក្ខជាតិ ហៅថាកាម៉ែតូភីត។ ក្នុងដំណាក់កាលនៃរុក្ខជាតិផលិតកោសិកាភេទពីរបែប គឺកាម៉ែតឈ្មោល និងកាម៉ែតញី ។ កាម៉ែតញី និង កាម៉ែតឈ្មោលលាយចូលគ្នា បង្កើតបានជាសុីកូត។ បន្ទាប់មកទៀត សុីកូតលូតលាស់ទៅជាស្ប៉រ៉ូភីត។ស្ប៉រ៉ូភីតផលិតស្ប៉លូតលាស់ក្នុងកាម៉ែតូភីត កាម៉ែតូភីតផលិតកាម៉ែតញី និងកាម៉ែតឈ្មោល ហើយវដ្ដផ្ដើមសារជាថ្មី។,រុក្ខជាតិមានវដ្ដជីវិតសាំញុំរួមមាន២ ដំណាក់កាលគឺ ស្ប៉រ៉ូភីត និង កាម៉ែតូភីត -ស្ប៉រ៉ូភីត គឺជា រុក្ខជាតិផលិតស្ប៉ ។ វាជាកោសិកាតូចៗដែលអាចលូតលាស់ជាសារពាង្គកាយថ្មី។ -កាម៉ែតូភីត គឺជាស្ប៉លូតលាស់ក្នុងដំណាក់កាលមួយនៃរុក្ខជាតិ។វាបង្កើតបានជាភេទ ២ គឺកាម៉ែតញី និង កាម៉ែតឈ្មោល ។,15,11,3,0.7333333333333333,0.58154296875,2,9,1,2
35,តើថ្ងៃរំដោះ៧មករា១៩៧៩ មានអត្ថន័យយ៉ាងណាខ្លះចំពោះប្រវត្តិសាស្ត្រកម្ពុជា?,ថ្ងៃរំដោះ 7 មករា 1979 មានអត្ថន័យជាប្រវត្តិសាស្រ្តដូចជា÷ -ជាថ្ងៃដែលប្រជាជនរួចផុតពីរបបប្រល័យពូជសាសន៍ -ជាថ្ងៃដែលរបបកម្ពុជាប្រជាធិបតេយ្យដួលរលំ -ជាថ្ងៃកំណើតទី 2 របស់ប្រជាជនខ្មែរ -ជាថ្ងៃដែលកងទ័ពរណសិរ្យសាមគ្គីនិងកងទ័ពរំដោះប្រជាជន បានរំដោះប្រជាជនចេញពីរបបប្រល័យពូជសាស្ត្រកម្ពុជា។,ថ្ងៃរំដោះ៧ មករា 1979 មានអត្ថន័យជាប្រវត្តិសាស្រ្តកម្ពុជាដូចជា៖ -ជាថ្ងៃដែលប្រជាជនកម្ពុជារួចផុតពីការសម្លាប់រង្គាលនៃរបបកម្ពុជាប្រជាធិបតេយ្យ -ជាថ្ងៃកំណើតទី 2 របស់គោរដ្ឋកម្ពុជាដែលបានរួចផុតពីរបបកម្ពុជាប្រជាធិបតេយ្យ -បាននាំមកជូនប្រជាជនវិញនូវសិទ្ធិសេរីភាពទាំងអស់ក្រោយការដួលរលំនៃរបបកម្ពុជាប្រជាធិបតេយ្យ -ការរស់រៀនឡើងវិញនូវវប្បធម៌ជាតិមានដូចជាជំនឿសាសនាប្រពៃណីសិល្បៈជាដើម -ស្ដារនិងកសាងប្រទេសឡើងវិញស្របតាមឆន្ទះនិងគោលបំណងប្រជាជន -ជាថ្ងៃនៃការស្ដារមុខមាត់ប្រទេសកម្ពុជាឡើងវិញលើឆាកតំបន់និងអន្តរជាតិ -បង្ហាញពីបង្ហាញពីសាមគ្គីភាពរវាងប្រទេសកម្ពុជាវៀតណាម -ជាកម្លាំងស្នូលនៃការបង្រួបបង្រួមជាតិ -កម្ពុជាអាចកំណត់វាសនាប្រទេសជាតិដោយខ្លួនឯង -ចាប់ផ្ដើមការបង្កើតសមត្ថភាពធនធានមនុស្សដោយបញ្ជូននិស្សិតទៅបណ្ដុះបណ្ដាលនៅក្រៅប្រទេស -កម្ពុជាអាចមានឯករាជ្យសន្តិភាពសេរីភាពបានគល់ស្ថិរភាពដើម្បីដំណើរបន្តទៅមុខដោយសុខភាព -អាចមានផ្លូវដើរដោយច្បាស់លាស់ដោយមិនជាន់ដានអតីតកាល។,8,8,4,1.0,0.953125,4,8,0,0
36,តើគេចែកប្រូទីសជាប៉ុន្មានក្រុម?អ្វីខ្លះ?,ប្រូទីសសត្វចែកជា 4 ក្រុមតាមរបៀបរស់នៅនឹងផ្លាស់ទីរបស់វា  +ប្រូតូសូអ៊ែផ្លាស់ទីដោយជើងបញ្ឆោត: អាមីប +ប្រូតូសូអ៊ែផ្លាស់ទីដោយផ្លាសែល : សាឌីយ៉ា +ប្រូតូសូអ៊ែបន្តពូជតាមរយ:ស្ប៉ :ស្ប៉រ៉ូសូអ៊ែ។,គេចែកប្រូទីសសត្វជា 4ប្រភេទគឺ-ប្រូទីសផ្លាស់ទីដោយជើងបញ្ឆោត : អាមីប-ប្រូទីស ផ្លាស់ទីដោយរោមញ័រ : ប៉ារ៉ាមេសុី-ប្រូទីសផ្លាស់ទីដោយ ប្លាសែល-ប្រូទីសផ្លាស់ទីដោយ ស្ប៉។,8,3,2,0.375,0.65234375,3,5,1,2
37,តើសង្គមខ្មែរនៅសម័យអង្គរមានប៉ុន្មានវណ្ណៈ? វណ្ណៈអ្វីខ្លះ? ចូលរៀបរាប់។,សង្គមខ្មែរនៅសម័យអង្គរមានប្រាំវណ្ណៈគឺ -វណ្ណៈក្សត្រឬរាជវង្សនុវង្ស (ជាស្ដេចគ្រប់គ្រងប្រទេស -វណ្ណៈមន្ត្រី (អ្នករស់នៅក្នុងរាជវាំងបម្រើស្ដេច) -វណ្ណៈព្រាហ្ម៍ឬបុព្វជិត​(គឺជាអ្នកបួស) -វណ្ណៈអ្នកជាឬកសិករ (អ្នករស់នៅនឹងធ្វើស្រែចម្ការ) -វណ្ណៈអ្នកងារឬទាសករ(ទាសករបម្រើគេតកូនតចៅ)។,សង្គមខ្មែរនៅសម័យអង្គរមានប្រាំវណ្ណៈគឺ -វណ្ណៈក្សត្រ -វណ្ណៈមន្ត្រី -វណ្ណៈបុព្វជិត -វណ្ណៈអ្នកជា -វណ្ណៈទាសករ។,10,5,2,0.5,0.708984375,3,7,1,2
38,ចូរប្រៀបធៀបលក្ខណៈខុសគ្នានៃផ្សិត និងរុក្ខជាតិ។,លក្ខណៈខុសគ្នានៃផ្សិតនិងរុក្ខជាតិ +ផ្សិត  -ផ្សិតបន្តពូជតាមរយៈស្ប៉ -ផ្សិតមិនធ្វើរស្មីសំយោគ -អុីប -វារស់នៅកន្លែងសើម +រុក្ខជាតិ -បន្តពូជដោយគ្រាប់ -វាត្រូវការធ្វើរស្មីសំយោគ -វារស់នៅកន្លែងដែលមានពន្លឺ,លក្ខណ:ខុសគ្នារវាងផ្សិត និង រុក្ខជាតិ +ផ្សិត -ជាភាវ:រស់បរជីព -មានអុីបក្រោមដី -បន្តពូជតាមរយ:ស្ប៉ +រុក្ខជាតិ -ជាភាវ:រស់ស្វ័យជីព -មានឬស -បន្តពូជតាមរយ:គ្រាប់ ។,12,12,4,1.0,0.783203125,3,9,1,3
39,តើសេដ្ឋកិច្ចកម្ពុជាពឹងផ្អែកលើវិស័យអ្វីជាសំខាន់?     ក/ ហេតុអ្វីបានជាគេនិយាយថាកម្ពុជាជាប្រទេសកសិកម្ម?     ខ/ តើគេចែកកសិករជាប៉ុន្មានប្រភេទ?អ្វីខ្លះ?,សេដ្ឋកិច្ចកម្ពុជាពឹងផ្អែកលើវិស័យកសិកម្មជាសំខាន់។   ក/ បានជាគេនិយាយថាកម្ពុជាជាប្រទេសឧស្សាហកម្មព្រោះ៖  _  សណ្ឋានដី : ដីមានជីវជាតិល្អនិងសម្បូរទំនាបល្បាប់   _ ផ្លូវទឹក : ផ្លូវទឹកខ្វាត់ខ្វែងងាយស្រួលដល់ការដាំដុះ  _ ប្រជាជន : ប្រជាជនខ្មែរភាគច្រើនចូលចិត្តធ្វើកសិកម្ម  _ អាកាសធាតុ : ទទួលអាកាសធាតុក្តៅសើម  _ កសិកម្មផ្តល់ផល50%នៃផលិតផលជាតិសរុប។  ខ/ គេចែកកសិករទាំងនោះជា4ប្រភេទគឺ៖  _ កសិករធ្វើស្រែឬអ្នកស្រែ : និយមធ្វើស្រែ ស្រូវប្រាំង ស្រូវវស្សា ស្រូវឡើងទឹក  _ កសិករតំបន់ដីខ្ពស់ : គេដាំដំណាំជាអចិន្ត្រៃយ៍(ពោត ដំឡូង ចេក កៅស៊ូសណ្តែក)  _ កសិករធ្វើចម្ការដំណាំស្រូវ : គេដាំដំណាំតាមមាត់ទន្លេ ចិញ្ចឹមសត្វនិងនេសាទ  _ កសិករភូមិភាគឦសាន: គេធ្វើដំណាំព្រៃដុតមានដូចជាពោត ដំឡូង ស្រូវរុក្ខជាតិយកមើមដទៃទៀត និងបរបាញ់សត្វផងដែរ។,សេដ្ឋកិច្ចជាតិផ្អែកលើវិស័យកសិកម្មជាសំខាន់ព្រោះវិស័យនេះសំខាន់ដល់ជាតិដូចជា៖ បានជាគេនិយាយថាកម្ពុជាជាប្រទេសកសិកម្មព្រោះប្រទេសកម្ពុជាពឹងផ្អែកលើលើទាំងស្រុងលើវិស័យកសិកម្ម ពីព្រោះដី ដាំដុះមៀន72.30%ភាគរយជាជាដីដាំដុះស្រូវ និងមួយចំនួនទៀតប្រមាណជាចិតសិបពេលជិតបីភាគរយជាអ្នកដាំស្រូវ និងដឹងនិងតែប៉ុណ្ណោះ អាកាសធាតុអំណោយផលដល់ការដាំដុះ ស្រូវនិងសម្បូរដីច្បាប់ដែលជា ដីមានជីវជាតិដែរនៅក្នុងដំណាំស្រូវនិងការជីកប្រឡាយសម្រាប់ផ្គត់ផ្គង់ទឹក ក្រៅពីដំណាំអង្គការកសិកម្មត្រូវ ស្រូវ តែគេឃើញថាមានការដាំដុះ អំណោយផ្សេងផ្សេងដែរ បម្រើក្នុងវិស័យឧស្សាហកម្ម ដូចជា ដំណាំកៅស៊ូដំណាំពីដំណើរកុំជក់ក៏ណាស់ សម្រាប់ការនាំចេញទៅក្រៅប្រទេសបានជាធរមានកំណើនសេដ្ឋកិច្ច។ ខ.គេបើកជាកសិករទាំងនោះជាបីប្រភេទ: -កសិករធ្វើស្រែ -កសិករមិនធ្វើស្រែ -កសិករធ្វើចំការមិនដាំស្រូវ។,20,16,3,0.8,0.755859375,3,15,0,1
40,តើសេដ្ឋកិច្ចកម្ពុជាពឹងផ្អែកលើវិស័យអ្វីជាសំខាន់?     ក/ ហេតុអ្វីបានជាគេនិយាយថាកម្ពុជាជាប្រទេសកសិកម្ម?     ខ/ តើគេចែកកសិករជាប៉ុន្មានប្រភេទ?អ្វីខ្លះ?,សេដ្ឋកិច្ចកម្ពុជាពឹងផ្អែកលើវិស័យកសិកម្មជាសំខាន់។   ក/ បានជាគេនិយាយថាកម្ពុជាជាប្រទេសឧស្សាហកម្មព្រោះ៖  _  សណ្ឋានដី : ដីមានជីវជាតិល្អនិងសម្បូរទំនាបល្បាប់   _ ផ្លូវទឹក : ផ្លូវទឹកខ្វាត់ខ្វែងងាយស្រួលដល់ការដាំដុះ  _ ប្រជាជន : ប្រជាជនខ្មែរភាគច្រើនចូលចិត្តធ្វើកសិកម្ម  _ អាកាសធាតុ : ទទួលអាកាសធាតុក្តៅសើម  _ កសិកម្មផ្តល់ផល50%នៃផលិតផលជាតិសរុប។  ខ/ គេចែកកសិករទាំងនោះជា4ប្រភេទគឺ៖  _ កសិករធ្វើស្រែឬអ្នកស្រែ : និយមធ្វើស្រែ ស្រូវប្រាំង ស្រូវវស្សា ស្រូវឡើងទឹក  _ កសិករតំបន់ដីខ្ពស់ : គេដាំដំណាំជាអចិន្ត្រៃយ៍(ពោត ដំឡូង ចេក កៅស៊ូសណ្តែក)  _ កសិករធ្វើចម្ការដំណាំស្រូវ : គេដាំដំណាំតាមមាត់ទន្លេ ចិញ្ចឹមសត្វនិងនេសាទ  _ កសិករភូមិភាគឦសាន: គេធ្វើដំណាំព្រៃដុតមានដូចជាពោត ដំឡូង ស្រូវរុក្ខជាតិយកមើមដទៃទៀត និងបរបាញ់សត្វផងដែរ។,សេដ្ឋកិច្ចជាតិផ្អែកលើវិស័យកសិកម្មជាសំខាន់ព្រោះវិស័យនេះសំខាន់ដល់ជាតិដូចជា៖ -បានជាគេនិយាយថា កម្ពុជាជាប្រទេសកសិកម្មព្រោះ  -ប្រជាជនកម្ពុជាជាច្រើន ច្រើនជាកសិករវិស័យ កសិកម្មនៅ -ប្រទេសកម្ពុជាបានផល ជា ឱកាសការងារនិងប្រាក់ចំណូលសម្រាប់ប្រជាជន  -វិស័យកសិកម្មគឺដែលនាំចេញទៅទីផ្សារអន្តរជាតិជាពិសេសធ្វើស្រែដាំដុះស្រូវបន្លែផ្លែឈើ  ខ គេចែកកសិករទាំងនោះជាបីប្រភេទគឺ -កសិករធ្វើស្រែ -កសិករមិនធ្វើស្រែ -កសិករធ្វើចំការមិនដាំស្រូវ។,20,10,2,0.5,0.5615234375,2,11,0,1
41,តើគេចែកយុគសម័យបុរេប្រវត្តិសាស្ត្រកម្ពុជាជាប៉ុន្មានយុគសម័យ?អ្វីខ្លះ?,គេចែកយុគសម័យបុរេប្រវត្តិសាស្ត្រកម្ពុជាជាបីយុគសម័យគឺ -យុគថ្មបំបែក (600000 - 12000 ឆ្នាំមុនគ.ស) -យុគថ្មរលីងឬសំលៀង (8000 - 2000 ឆ្នាំមុនគ.ស) -យុគលោហៈ(2000-100 ឆ្នាំមុនគ.ស)។,គេចែកយុគសម័យបុរេប្រវត្តិសាស្ត្រកម្ពុជាជាបីយុគសម័យគឺ -យុគថ្មបំបែក (600000 - 12000 ឆ្នាំមុនគ.ស) -យុគថ្មរលីងឬសំលៀង (8000 - 2000 ឆ្នាំមុនគ.ស) -យុគលោហៈ(2000-100 ឆ្នាំមុនគ.ស)។,5,5,4,1.0,0.96728515625,4,5,0,0
42,តើផ្សិតមានរូបរាងខុសៗគ្នាអាស្រ័យនឹងអ្វី? ស្រូបសារធាតុចិញ្ចឹមតាមរយៈអ្វី?,ផ្សិតមានរូបរាងខុសៗគ្នាអាស្រ័យនឹងការតម្រៀបអុីបរបស់វា។ផ្សិតស្រូបសារធាតុចិញ្ចឹមតាមរយ:អុីបដែលដុះចូលទៅក្នុងប្រភពអាហារ។,ផ្សិតមានរូបរាងខុសៗគ្នាអាស្រ័យលើការតម្រៀបរបស់អុីប។ផ្សិតខ្លះ អុីបមានរាងសរសៃឆ្មារៗបែកមែកប្រទាក់ក្រឡាគ្នា ណ្ហេលៗ(រង្វិល) ។ ផ្សិតខ្លះទៀតអុីបរបស់វាតម្រៀបគ្នាយ៉ាងណែន ។ វាស្រូបសារធាតុចិញ្ចឹមតាមរយ:អុីប។,10,4,2,0.4,0.56201171875,2,6,0,2
43,តើគេចែកយុគសម័យបុរេប្រវត្តិសាស្ត្រកម្ពុជាជាប៉ុន្មានយុគសម័យ?អ្វីខ្លះ?,គេចែកយុគសម័យបុរេប្រវត្តិសាស្ត្រកម្ពុជាជាបីយុគសម័យគឺ -យុគថ្មបំបែក (600000 - 12000 ឆ្នាំមុនគ.ស) -យុគថ្មរលីងឬសំលៀង (8000 - 2000 ឆ្នាំមុនគ.ស) -យុគលោហៈ(2000-100 ឆ្នាំមុនគ.ស)។,គេចែកយុគសម័យបុរេប្រវត្តិសាស្ត្រកម្ពុជាជាបីយុគសម័យគឺ -យុគថ្មបំបែក (600000 - 12000 ឆ្នាំមុនគ.ស) -យុគថ្មរលីងឬសំលៀង (8000 - 2000 ឆ្នាំមុនគ.ស) -យុគលោហៈ(2000-100 ឆ្នាំមុនគ.ស)។,5,5,4,1.0,0.96728515625,4,5,0,0
44,តើផ្សិតមានរូបរាងខុសៗគ្នាអាស្រ័យនឹងអ្វី? ស្រូបសារធាតុចិញ្ចឹមតាមរយៈអ្វី?,ផ្សិតមានរូបរាងខុសៗគ្នាអាស្រ័យនឹងការតម្រៀបអុីបរបស់វា។ផ្សិតស្រូបសារធាតុចិញ្ចឹមតាមរយ:អុីបដែលដុះចូលទៅក្នុងប្រភពអាហារ។,ផ្សិតមានរូបរាងខុសៗគ្នាអាស្រ័យលើការតម្រៀបរបស់អុីប។ផ្សិតខ្លះ អុីបមានរាងសរសៃឆ្មារៗបែកមែកប្រទាក់ក្រឡាគ្នា ណ្ហេលៗ(រង្វិល) ។ ផ្សិតខ្លះទៀតអុីបរបស់វាតម្រៀបគ្នាយ៉ាងណែន ។ វាស្រូបសារធាតុចិញ្ចឹមតាមរយ:អុីប។,10,3,1,0.3,0.56201171875,2,6,1,3
45,តើកត្តាអ្វីខ្លះដែលធ្វើអោយសម័យអង្គររីកចម្រើនដល់កំពូល?​ ចូលរៀបរាប់។,កត្តាដែលធ្វើអោយសម័យអង្គររីកចម្រើនគឺ: កត្តាព្រះរាជា:ព្រះរាជាចាប់ពីព្រះបាទជ័យវរ្ម័នទី 2 រហូតដល់ព្រះបាទជ័យវរ្ម័នទី 7 សុទ្ធតែជាស្ដេចខ្លាំងពូកែ កត្តានយោបាយ: នយោបាយក្នុងប្រទេសបង្រួបបង្រួមជាតិកសាងនិងការពារទឹកដី នយោបាយក្រៅប្រទេស:ចងសម្ព័ន្ធមិត្តជាមួយប្រទេសធំៗវាយយករដ្ឋតូចដាក់ជាចំណុះ កត្តាសេដ្ឋកិច្ច:រីកចម្រើនលើវិស័យកសិកម្មសិប្បកម្មគណនាគម កត្តាសាសនា:ការឯកភាពគ្នារវាងសាសនាព្រាហ្មនិងព្រះពុទ្ធ កត្តាធនធានមនុស្សបន្សល់ទុកតាំងពីសម័យនគរភ្នំនិងចេនឡាមក។,កត្តាដែលធ្វើអោយសម័យអង្គររីកចម្រើនគឺ: កត្តាព្រះរាជា:ព្រះរាជាចាប់ពីព្រះបាទជ័យវរ្ម័នទី 2 រហូតដល់ព្រះបាទជ័យវរ្ម័នទី 7 សុទ្ធសឹងតែជាស្ដេចខ្លាំងពូកែ កត្តានយោបាយ: នយោបាយក្នុងប្រទេសបង្រួបបង្រួមជាតិកសាងនិងការពារទឹកដី នយោបាយក្រៅប្រទេស:ចងសម្ព័ន្ធមិត្តជាមួយប្រទេសធំៗវាយយករដ្ឋតូចដាក់ជាចំណុះ កត្តាសេដ្ឋកិច្ច:រីកចម្រើនលើវិស័យកសិកម្មសិប្បកម្មគណនាគមន៍ កត្តាសាសនា:ការឯកភាពគ្នារវាងសាសនាព្រាហ្មនិងព្រះពុទ្ធ កត្តាធនធានមនុស្ស:មនុស្សបន្សល់ទុកតាំងពីសម័យនគរភ្នំនិងចេនឡាមក។,10,10,4,1.0,0.9609375,4,10,0,0
46,ហេតុអ្វីបានជាផ្នែកឯកជនជាកម្លាំងដ៏សំខាន់សម្រាប់វិនិយោគនិងធ្វើឲ្យមានកំណើនសេដ្ឋកិច្ចក្នុងប្រទេស?,បានជាផ្នែកឯកជនជាកម្លាំងដ៏សំខាន់សម្រាប់វិនិយោគនិងធ្វើឲ្យមានកំណើនសេដ្ឋកិច្ចក្នុងប្រទេស ព្រោះប្រទេសកម្ពុជាជាប្រទេសអភិវឌ្ឍន៍ សេដ្ឋកិច្ចទីផ្សារដោយបានធ្វើកំណែទម្រង់សហគ្រាសឧស្សាហកម្មឲ្យក្លាយទៅជាកម្មសិទ្ធិឯកជន ។ សេដ្ឋកិច្ចទីផ្សារសេរីនេះនាំឲ្យអ្នករកស៊ីបរទេសចូលចិត្តមកវិនិយោគ ហើយកាលណាផ្នែកឯកជនរឹងមាំមកវិនិយោគ ហើយកាលណាផ្នែកឯកជនមិនរឹងមាំអាចបំពេញបន្ថែមវិនិយោគនិងវិស័យសង្គមកិច្ចមានន័យថាវិស័យឯកជនស្រូបយកកម្លាំងការងារកាន់តែកើនឡើង។,បានជាផ្នែកឯកជនជាកម្លាំងដ៏សំខាន់សម្រាប់វិស័យវិនិយោគនិងធ្វើឲ្យមានកំណើនសេដ្ឋកិច្ចក្នុងប្រទេស៖  _ ប្រជាជនមានការខ្វះខាត  _ ទើបមានជនបរទេសមកជួយជ្រុំជ្រែង   _ មកជួយលើវិស័យវិនិយោគដល់សង្គម  _ មានការជំរុញដល់ផ្នែកសេដ្ឋកិច្ច  _ មានរដ្ឋជួយពីក្រោយ  _ មានការអភិវឌ្ឍគ្រប់វិស័យ។,15,6,2,0.4,0.9169921875,4,14,2,8
47,តើផ្សិតមានរូបរាងខុសៗគ្នាអាស្រ័យនឹងអ្វី? ស្រូបសារធាតុចិញ្ចឹមតាមរយៈអ្វី?,ផ្សិតមានរូបរាងខុសៗគ្នាអាស្រ័យនឹងការតម្រៀបអុីបរបស់វា។ផ្សិតស្រូបសារធាតុចិញ្ចឹមតាមរយ:អុីបដែលដុះចូលទៅក្នុងប្រភពអាហារ។,ផ្សិតមានរូបរាងខុសៗគ្នាអាស្រ័យលើការតម្រៀបរបស់អុីប។ផ្សិតខ្លះ អុីបមានរាងសរសៃឆ្មារៗបែកមែកប្រទាក់ក្រឡាគ្នា ណ្ហេលៗ(រង្វិល) ។ ផ្សិតខ្លះទៀតអុីបរបស់វាតម្រៀបគ្នាយ៉ាងណែន ។ វាស្រូបសារធាតុចិញ្ចឹមតាមរយ:អុីប។,10,5,2,0.5,0.56201171875,2,6,0,1
48,តើព្រះបាទពញាយ៉ាតមានបុត្រប៉ុន្មានអង្គព្រះនាមអ្វីខ្លះ?ជាមួយអ្នកម្នាងណាខ្លះ?,ព្រះបាទពញាយ៉ាតមានបុត្របីអង្គគឺ នារាយណ៍រាជា ជាបុត្រជាមួយម្នាងទេវី ស្រីរាជាជាបុត្រជាមួយបុទុមកេសរ និងធម្មរាជាជាបុត្រជាមួយសុីសង៉ាម(បុត្រីស្ដេចសៀម)។,ព្រះបាទពញាយ៉ាតមានបុត្របីអង្គគឺ នារាយណ៍រាជា ជាបុត្រជាមួយម្នាងបទុមរាជា ស្រីរាជាជាបុត្រជាមួយព្រះនាងសិរីបុប្ផា និងធម្មរាជាជាបុត្រជាមួយព្រះនាងទេវី។,5,5,4,1.0,0.90380859375,4,5,0,0
49,ចូរប្រៀបធៀបលក្ខណៈខុសគ្នានៃផ្សិត និងរុក្ខជាតិ។,លក្ខណៈខុសគ្នានៃផ្សិតនិងរុក្ខជាតិ +ផ្សិត  -ផ្សិតបន្តពូជតាមរយៈស្ប៉ -ផ្សិតមិនធ្វើរស្មីសំយោគ -អុីប -វារស់នៅកន្លែងសើម +រុក្ខជាតិ -បន្តពូជដោយគ្រាប់ -វាត្រូវការធ្វើរស្មីសំយោគ -វារស់នៅកន្លែងដែលមានពន្លឺ,លក្ខណ:ខុសគ្នារវាងផ្សិត និង រុក្ខជាតិ +ផ្សិត -ជាភាវ:រស់បរជីព -មានអុីបក្រោមដី -បន្តពូជតាមរយ:ស្ប៉ +រុក្ខជាតិ -ជាភាវ:រស់ស្វ័យជីព -មានឬស -បន្តពូជតាមរយ:គ្រាប់ ។,12,10,3,0.8333333333333334,0.783203125,3,9,0,1
50,តើព្រះបាទពញាយ៉ាតមានបុត្រប៉ុន្មានអង្គព្រះនាមអ្វីខ្លះ?ជាមួយអ្នកម្នាងណាខ្លះ?,ព្រះបាទពញាយ៉ាតមានបុត្របីអង្គគឺ នារាយណ៍រាជា ជាបុត្រជាមួយម្នាងទេវី ស្រីរាជាជាបុត្រជាមួយបុទុមកេសរ និងធម្មរាជាជាបុត្រជាមួយសុីសង៉ាម(បុត្រីស្ដេចសៀម)។,ព្រះបាទពញាយ៉ាតមានបទបីអង្គ ព្រះនាមព្រះបាទស្រីសុរិយោពណ៌ ជាបុត្រជាមួយអ្នកម្នាងស្រី ព្រះកែវហ្វា ព្រះបាទធម្មរាជា,5,2,2,0.4,0.90380859375,4,5,2,3
51,តើគេចែកប្រូទីសជាប៉ុន្មានក្រុម?អ្វីខ្លះ?,ប្រូទីសសត្វចែកជា 4 ក្រុមតាមរបៀបរស់នៅនឹងផ្លាស់ទីរបស់វា  +ប្រូតូសូអ៊ែផ្លាស់ទីដោយជើងបញ្ឆោត: អាមីប +ប្រូតូសូអ៊ែផ្លាស់ទីដោយផ្លាសែល : សាឌីយ៉ា +ប្រូតូសូអ៊ែបន្តពូជតាមរយ:ស្ប៉ :ស្ប៉រ៉ូសូអ៊ែ។,គេចែកប្រូទីសសត្វជា 4ប្រភេទគឺ-ប្រូទីសផ្លាស់ទីដោយជើងបញ្ឆោត : អាមីប-ប្រូទីស ផ្លាស់ទីដោយរោមញ័រ : ប៉ារ៉ាមេសុី-ប្រូទីសផ្លាស់ទីដោយ ប្លាសែល-ប្រូទីសផ្លាស់ទីដោយ ស្ប៉។,8,7,4,0.875,0.65234375,3,5,1,2
52,តើអាណាចក្រភ្នំមានព្រំប្រទល់ជាប់ប្រទេសណាខ្លះ?,អាណាចក្រភ្នំមានព្រំប្រទល់ជាប់ប្រទេសដូចជា -ខាងជើងជាប់ចិន -ខាងត្បូងជាឈូងសមុទ្រខ្មែរ -ខាងកើតជាប់រដ្ឋចម្ប៉ា -ខាងលិចជាប់រដ្ធមនឬភូមា។,អាណាចក្រភ្នំមានព្រំប្រទល់ជាប់ប្រទេសដូចជា -ខាងជើងជាប់ចិន(រដ្ឋណានឆាវតុងកឹង) -ខាងត្បូងជាឈូងសមុទ្រខ្មែរ(ឈូងសមុទ្រនគរភ្នំ) -ខាងកើតជាប់រដ្ឋចម្ប៉ា -ខាងលិចជាប់រដ្ឋមនឬភូមា។,6,6,4,1.0,0.9130859375,4,5,0,1
53,ហេតុអ្វីបានជាផ្នែកឯកជនជាកម្លាំងដ៏សំខាន់សម្រាប់វិនិយោគនិងធ្វើឲ្យមានកំណើនសេដ្ឋកិច្ចក្នុងប្រទេស?,បានជាផ្នែកឯកជនជាកម្លាំងដ៏សំខាន់សម្រាប់វិនិយោគនិងធ្វើឲ្យមានកំណើនសេដ្ឋកិច្ចក្នុងប្រទេស ព្រោះប្រទេសកម្ពុជាជាប្រទេសអភិវឌ្ឍន៍ សេដ្ឋកិច្ចទីផ្សារដោយបានធ្វើកំណែទម្រង់សហគ្រាសឧស្សាហកម្មឲ្យក្លាយទៅជាកម្មសិទ្ធិឯកជន ។ សេដ្ឋកិច្ចទីផ្សារសេរីនេះនាំឲ្យអ្នករកស៊ីបរទេសចូលចិត្តមកវិនិយោគ ហើយកាលណាផ្នែកឯកជនរឹងមាំមកវិនិយោគ ហើយកាលណាផ្នែកឯកជនមិនរឹងមាំអាចបំពេញបន្ថែមវិនិយោគនិងវិស័យសង្គមកិច្ចមានន័យថាវិស័យឯកជនស្រូបយកកម្លាំងការងារកាន់តែកើនឡើង។,បានជាផ្នែកឯកជនជាកម្លាំងដ៏សំខាន់សម្រាប់វិនិយោគ និងធ្វើឲមានកំណើនសេដ្ឋកិច្ចក្នុងប្រទេសព្រោះ៖  _ កម្ពុជាជាប្រទេសអនុវត្តសេដ្ឋកិច្ចទីផ្សាសេរីចាប់តាំងពីឆ្នាំ1993ដោយបានធ្វើកំណែទម្រង់សហគ្រាសឲក្លាយទៅជាកម្មសិទ្ធិឯកជន  _ សេដ្ឋកិច្ចទីផ្សារសេរីនេះនាំឲអ្នករកស៊ីបរទេសចូលចិត្តមកវិនិយោគ  _ កាលណាផ្នែកឯកជនរឹងមាំអាចបំពេញបន្ថែមវិនិយោគសាធារណៈក្នុងវិស័យសង្គមកិច្ច មានន័យថាវិស័យឯកជនអាចស្រូបយកកម្លាំងការងារកាន់តែច្រើនឡើង។,15,15,4,1.0,0.916015625,4,14,0,1
54,ដូចម្តេចដែលហៅថាមេយ៉ូស? ចូរនិយាយពីវគ្គផ្សេងៗនៃមេយ៉ូស។,មេយ៉ូសជាសំណុំនៃចំណែកកោសិកាពីរដងបន្តបន្ទាប់គ្នាដែលបង្កើតបានជាកោសិកាអាលូអុីតបួន ហៅថាមេយ៉ូស ។ _តេឡូផាស1 ស៊ីតូប្លាសចែកខ្លួនបានជាកោសិកាកូនពីរ ។កោសិកាកូននីមួយៗទទួលបានក្រូម៉ូសូម តែមួយពីរគូអូម៉ូឡូក ។ _ប្រផាស1 មានរយៈពេលវែង ។ _អាណាផាស1 ក្រូម៉ូសូមដំរៀបលើផ្លាស់ភ្ជាប់នឹងក្រយ៉ូងក្រូម៉ាទិចដោយសង់ក្រូងទ័ររបស់វា ។ _តេឡូផាស2 ក្រូម៉ូមនីមួយៗបានមកដល់ប៉ូលភ្នាស _មេតាផាស2 ក្រូម៉ូសូមប្រេះតាមបណ្ដោយភ្ជាប់ខ្លួនទៅនិងក្រយ៉ងក្រូម៉ាទិចដោយសង់ _ប្រូដាស2 ត្តយ៉ងអាក្រូម៉ាទិតកើតមានក្នុងកោសិកាគូនីមួយៗ _អាណាផាស2 សង់ក្រូម៉ែធ្វើចំណែកដែលនាំអោយក្រូម៉ាទិចបងប្អូនដាច់ចេញពីគ្នា ។បន្ទាប់មក ក្រូម៉ូសូមកូនទាំង2ធ្វើដំណើរឆ្ពោះទៅប៉ូលផ្ទុយគ្នារបស់ត្រយ៉ូងអាក្រូម៉ាទិច ។,មេយ៉ូសជាសំណុំនៃចំណែកកោសិកាពីរដងបន្តបន្ទាប់គ្នាដែលបង្កើតបានជាកោសិកាអាលូអុីតបួន ហៅថាមេយ៉ូស ។ _តេឡូផាស1 ស៊ីតូប្លាសចែកខ្លួនបានជាកោសិកាកូនពីរ ។កោសិកាកូននីមួយៗទទួលបានក្រូម៉ូសូម តែមួយពីរគូអូម៉ូឡូក ។ _ប្រផាស1 មានរយៈពេលវែង ។ _អាណាផាស1 ក្រូម៉ូសូមដំរៀបលើផ្លាស់ភ្ជាប់នឹងក្រយ៉ូងក្រូម៉ាទិចដោយសង់ក្រូងទ័ររបស់វា ។ _តេឡូផាស2 ក្រូម៉ូមនីមួយៗបានមកដល់ប៉ូលភ្នាស _មេតាផាស2 ក្រូម៉ូសូមប្រេះតាមបណ្ដោយភ្ជាប់ខ្លួនទៅនិងក្រយ៉ងក្រូម៉ាទិចដោយសង់ _ប្រូដាស2 ត្តយ៉ងអាក្រូម៉ាទិតកើតមានក្នុងកោសិកាគូនីមួយៗ _អាណាផាស2 សង់ក្រូម៉ែធ្វើចំណែកដែលនាំអោយក្រូម៉ាទិចបងប្អូនដាច់ចេញពីគ្នា ។បន្ទាប់មក ក្រូម៉ូសូមកូនទាំង2ធ្វើដំណើរឆ្ពោះទៅប៉ូលផ្ទុយគ្នារបស់ត្រយ៉ូងអាក្រូម៉ាទិច ។,10,10,4,1.0,0.64892578125,3,6,1,4
55,តើសេដ្ឋកិច្ចកម្ពុជាពឹងផ្អែកលើវិស័យអ្វីជាសំខាន់?     ក/ ហេតុអ្វីបានជាគេនិយាយថាកម្ពុជាជាប្រទេសកសិកម្ម?     ខ/ តើគេចែកកសិករជាប៉ុន្មានប្រភេទ?អ្វីខ្លះ?,សេដ្ឋកិច្ចកម្ពុជាពឹងផ្អែកលើវិស័យកសិកម្មជាសំខាន់។   ក/ បានជាគេនិយាយថាកម្ពុជាជាប្រទេសឧស្សាហកម្មព្រោះ៖  _  សណ្ឋានដី : ដីមានជីវជាតិល្អនិងសម្បូរទំនាបល្បាប់   _ ផ្លូវទឹក : ផ្លូវទឹកខ្វាត់ខ្វែងងាយស្រួលដល់ការដាំដុះ  _ ប្រជាជន : ប្រជាជនខ្មែរភាគច្រើនចូលចិត្តធ្វើកសិកម្ម  _ អាកាសធាតុ : ទទួលអាកាសធាតុក្តៅសើម  _ កសិកម្មផ្តល់ផល50%នៃផលិតផលជាតិសរុប។  ខ/ គេចែកកសិករទាំងនោះជា4ប្រភេទគឺ៖  _ កសិករធ្វើស្រែឬអ្នកស្រែ : និយមធ្វើស្រែ ស្រូវប្រាំង ស្រូវវស្សា ស្រូវឡើងទឹក  _ កសិករតំបន់ដីខ្ពស់ : គេដាំដំណាំជាអចិន្ត្រៃយ៍(ពោត ដំឡូង ចេក កៅស៊ូសណ្តែក)  _ កសិករធ្វើចម្ការដំណាំស្រូវ : គេដាំដំណាំតាមមាត់ទន្លេ ចិញ្ចឹមសត្វនិងនេសាទ  _ កសិករភូមិភាគឦសាន: គេធ្វើដំណាំព្រៃដុតមានដូចជាពោត ដំឡូង ស្រូវរុក្ខជាតិយកមើមដទៃទៀត និងបរបាញ់សត្វផងដែរ។,សេដ្ឋកិច្ចកម្ពុជាពឹងផ្អែកលើវិស័យកសិកម្មសំខាន់ ក- ប្រទេសកម្ពុជាជាប្រទេសកសិកម្មពីព្រោះ -ផ្ទៃដីកម្ពុជាអំណោយផលដល់កសិកម្មគ្រប់ប្រភេទមានវាលទំនាបខ្ពង់រាបអាកាសធាតុទៀងទាត់ខ្យល់មូសុងដែលមានសំណើមនូវកម្ដៅគ្រប់គ្រាន់(ផ្ទៃដីកសិកម្មមាន៩០%) -ប្រជាជនធ្វើកសិកម្មច្រើនតែជួយផ្ដល់ការងារដល់ប្រជាជន(កសិករមាន៧២.៣%) -ជួយដល់សេដ្ឋកិច្ចគ្រួសារនិងជាតិ -សម្រាប់ផ្គត់ផ្គង់ក្នុងស្រុកនិងសសម្រាប់នាំចេញ  -ស្រូវជាអាហារចាំបាច់សម្រាប់ប្រជាជន -ផ្ដល់នូវវត្ថុធាតុដើមសម្រាប់ឧស្សាហកម្ម(កៅស៊ូដំឡូង..) -ការបន្ថយការធ្វើចលនាបម្លាស់ទីលំនៅរបស់ប្រជាជន(កសិកម្មនៅជនបទស្រាប់)...។ ខ.គេចែកកសិករទាំងនោះជាបួនប្រភេទ -កសិករអនុផលព្រៃឈើ(កៅស៊ូ វល្លិ៍ ផ្ដៅ…) -កសិករចិញ្ចឹមត្រី(វារីវប្បកម្មនិងនេសាទ) -កសិករចិញ្ចឹមសត្វ (គោ ជ្រូក ទា…) -កសិករដាំដំណាំ(ស្រូវ ពោត សណ្តែក…)។,20,10,2,0.5,0.57763671875,2,12,0,2
56,តើផ្សិតមានរូបរាងខុសៗគ្នាអាស្រ័យនឹងអ្វី? ស្រូបសារធាតុចិញ្ចឹមតាមរយៈអ្វី?,ផ្សិតមានរូបរាងខុសៗគ្នាអាស្រ័យនឹងការតម្រៀបអុីបរបស់វា។ផ្សិតស្រូបសារធាតុចិញ្ចឹមតាមរយ:អុីបដែលដុះចូលទៅក្នុងប្រភពអាហារ។,ផ្សិតមានរូបរាងខុសៗគ្នាអាស្រ័យលើការតម្រៀបរបស់អុីប។ផ្សិតខ្លះ អុីបមានរាងសរសៃឆ្មារៗបែកមែកប្រទាក់ក្រឡាគ្នា ណ្ហេលៗ(រង្វិល) ។ ផ្សិតខ្លះទៀតអុីបរបស់វាតម្រៀបគ្នាយ៉ាងណែន ។ វាស្រូបសារធាតុចិញ្ចឹមតាមរយ:អុីប។,10,10,4,1.0,0.56201171875,2,6,2,4
57,ចូរនិយាយពីកំណកាម៉ែតញី។,ការស្ថិតនៅក្រោមសារពាង្គកាយនៃពងស្វាសមានសារៈសំខាន់ដូចជាដើម្បីរក្សាសីតុណ្ហភាពឲ្យ ទាបជាងសីតុណ្ហភាពក្នុងខ្លួន ប្រហែលពី(2-3)សីតុណ្ហភាពក្នុងខ្លួន37 ។,កំណកាម៉ែនញី ដំបូងកោសិកាពូជមួយរកចម្ងាយពីរដងទម្លាប់គ្នាបានកោសិកាអូវ៉ូកូនី4 ។អូវុលរីក មាឌក្លាយជាអូវូស៊ីត1 ។អូវ៉ូស៊ីតមួយរងចំណែកមួយនៃមេយ៉ូសហើយត្រូវបានជាប់គាំងនៅចុង វគ្គមួយ ។,10,5,2,0.5,0.4970703125,2,5,0,0
58,តើប្រទេសកម្ពុជាចូលជាសមាជិក សហគមន៍អាសុីអាគ្នេយ៍ទទួលបានផលវិជ្ជមាននិងផលអវិជ្ជមានដូចម្ដេចខ្លះ?,ប្រទេសកម្ពុជាចូលជាសមាជិកសាមាសហគមន៍អាស៊ីអាគ្នេយ៍ទទួលផលវិជ្ជមាននឹងអវិជ្ជមានដូចជា៖ +ផលវិជ្ជមាន៖ -កម្ពុជាលែងឯកោទៅទៀត -បានចូលរួមនៅរាល់ការសម្រេចចិត្តនានាក្នុងតំបន់ -កម្ពុជាបានឈរស្មើមុខមាត់ជាមួយបណ្ដាប្រទេសជាសមាជិកអាស៊ាន -កម្ពុជាមានដៃគូច្រើនទាំងក្នុងតំបន់និងពិភព -កម្ពុជាអាចពង្រីកអនុភាពនិងបង្កើតតួនាទីរបស់ខ្លួនកាន់តែសកម្មភាពដែលក្នុងតំបន់នៃអន្តរជាតិ -កម្ពុជាមានសិទ្ធពេញលេញក្រោមការរៀបចំកិច្ចប្រជុំធំៗក្នុងប្រទេសខ្លួនលក្ខណៈតំបន់និងពិភពលោក -ការលើកលែងទិដ្ឋការ -កម្ពុជាក្លាយជាកន្លែងវិនិយោគដ៏មានសក្តានុពលពាណិជ្ជកម្មរវាងពាណិជ្ជកម្មនិងស្រួលជាងមុនចំពោះទីផ្សារ -សេដ្ឋកិច្ចកម្ពុជាមានកំណើនរៀងរាល់ឆ្នាំ -ប្រជាជនអាចរកការងារធ្វើទាំងក្នុងប្រទេសក្នុងតំបន់និងក្រៅតំបន់ -កំណើនភ្ញៀវទេសចរជាច្រើន +ផលអវិជ្ជមាន៖ -ពាណិជ្ជកម្មសេដ្ឋកិច្ចដំណើរការមិនល្អ -កម្ពុជាបាត់បង់ជំនឿសាសនាប្រពៃណីទំនៀមទម្លាប់,ប្រទេសកម្ពុជាចូលជាសមាជិកសាមាសហគមន៍អាស៑ននៅថ្ងៃទី 30 មេសា 1999 ទទួលផលវិជ្ជមាននឹងអវិជ្ជមានដូចជា៖ +ផលវិជ្ជមាន៖ នយោបាយ៖ -កម្ពុជាលែងឯកោតទៅទៀត -បានចូលរួមអភិវឌ្ឈ -បានចូលរួមនៅរាល់ការសម្រេចចិត្តនានាក្នុងតំបន់ -មានដៃគូសហការណ៌ជាច្រើន សេដ្ឋកិច្ច៖ -កម្ពុជា ក្លាយជាកន្លែងទាក់ទាញសម្រាប់វិនិយោគទុន -ងាយស្រួលក្នុងការធ្វើពាណិជ្ជកម្ម -ប្រជាជនមានការងារធ្វើ និងលើកកម្ពស់កម្រិតជីវភាពក្នុងតំបន់ -កំណើនភ្ញៀវទេសចរណ៍បានបង្កើនការងារ និងប្រាក់ចំណូលដល់ប្រជាជន។ សង្គម៖ -ការជួយគ្នាទៅវិញទៅមកតាមរយៈការផ្តល់បទពិសោធន៍ ចំណេះដឹង ផ្តល់អាហារូបករណ៍ដល់មន្ត្រី យុវជនកម្ពុជាឱ្យបានសិក្សារៀនសូត្រ  និងមានឱកាសផ្សេងៗទៀត។ -ទប់ស្កាត់អំពើអសកម្ម ការជួញដូរមនុស្ស គ្រឿងញៀន អាវុធ អំពើភារវកម្ម -ជនភៀសខ្លួនមានការហ្វឹកហាត់ ការសិក្សា និងបណ្តុះបណ្តាលធនធានមនុស្ស។ ទំនាក់ទំនង៖ -ជម្រុញការសាងសង់ហេដ្ឋារចនាសម្ព័ន្ធ ផ្លូវថ្នល់ ផ្លូវដែក ស្ពាន អាកាសយានដ្ឋាន កំពង់ផែ... -ការលើកស្ទួយមិត្តភាព។ +ផលវិបាក -បាត់បង់ទីផ្សារការងារ និងទីផ្សារផលិតផល -ទំនិញនាំចូលច្រើនជាងទំនិញនាំចេញ -ប្រទេសកម្ពុជាមិនទាន់មានធនធានមនុស្សគ្រប់គ្រាន់សម្រាប់ការងារក្រៅប្រទេស -ផលិតផលក្នុងស្រុកមិនទាន់មានស្តង់ដារសម្រាប់នាំចេញទៅក្រៅប្រទេស។,10,10,4,1.0,0.94189453125,4,9,0,1
59,តើសេដ្ឋកិច្ចកម្ពុជាពឹងផ្អែកលើវិស័យអ្វីជាសំខាន់?     ក/ ហេតុអ្វីបានជាគេនិយាយថាកម្ពុជាជាប្រទេសកសិកម្ម?     ខ/ តើគេចែកកសិករជាប៉ុន្មានប្រភេទ?អ្វីខ្លះ?,សេដ្ឋកិច្ចកម្ពុជាពឹងផ្អែកលើវិស័យកសិកម្មជាសំខាន់។   ក/ បានជាគេនិយាយថាកម្ពុជាជាប្រទេសឧស្សាហកម្មព្រោះ៖  _  សណ្ឋានដី : ដីមានជីវជាតិល្អនិងសម្បូរទំនាបល្បាប់   _ ផ្លូវទឹក : ផ្លូវទឹកខ្វាត់ខ្វែងងាយស្រួលដល់ការដាំដុះ  _ ប្រជាជន : ប្រជាជនខ្មែរភាគច្រើនចូលចិត្តធ្វើកសិកម្ម  _ អាកាសធាតុ : ទទួលអាកាសធាតុក្តៅសើម  _ កសិកម្មផ្តល់ផល50%នៃផលិតផលជាតិសរុប។  ខ/ គេចែកកសិករទាំងនោះជា4ប្រភេទគឺ៖  _ កសិករធ្វើស្រែឬអ្នកស្រែ : និយមធ្វើស្រែ ស្រូវប្រាំង ស្រូវវស្សា ស្រូវឡើងទឹក  _ កសិករតំបន់ដីខ្ពស់ : គេដាំដំណាំជាអចិន្ត្រៃយ៍(ពោត ដំឡូង ចេក កៅស៊ូសណ្តែក)  _ កសិករធ្វើចម្ការដំណាំស្រូវ : គេដាំដំណាំតាមមាត់ទន្លេ ចិញ្ចឹមសត្វនិងនេសាទ  _ កសិករភូមិភាគឦសាន: គេធ្វើដំណាំព្រៃដុតមានដូចជាពោត ដំឡូង ស្រូវរុក្ខជាតិយកមើមដទៃទៀត និងបរបាញ់សត្វផងដែរ។,សេដ្ឋកិច្ចកម្ពុជាពឹងផ្អែកលើវិស័យកសិកម្មជាសំខាន់,20,0,0,0.0,0.533203125,2,11,2,11
60,តើអាណាចក្រភ្នំមានព្រំប្រទល់ជាប់ប្រទេសណាខ្លះ?,អាណាចក្រភ្នំមានព្រំប្រទល់ជាប់ប្រទេសដូចជា -ខាងជើងជាប់ចិន -ខាងត្បូងជាឈូងសមុទ្រខ្មែរ -ខាងកើតជាប់រដ្ឋចម្ប៉ា -ខាងលិចជាប់រដ្ធមនឬភូមា។,អាណាចក្រភ្នំមានព្រំប្រទល់ជាប់ប្រទេសដូចជា -ខាងជើងជាប់ចិន -ខាងត្បូងជាឈូងសមុទ្រខ្មែរ -ខាងកើតជាប់រដ្ឋចម្ប៉ា -ខាងលិចជាប់រដ្ឋមនឬភូមា។,6,6,4,1.0,0.89697265625,4,5,0,1
61,តើថ្ងៃរំដោះ៧មករា១៩៧៩ មានអត្ថន័យយ៉ាងណាខ្លះចំពោះប្រវត្តិសាស្ត្រកម្ពុជា?,ថ្ងៃរំដោះ 7 មករា 1979 មានអត្ថន័យជាប្រវត្តិសាស្រ្តដូចជា÷ -ជាថ្ងៃដែលប្រជាជនរួចផុតពីរបបប្រល័យពូជសាសន៍ -ជាថ្ងៃដែលរបបកម្ពុជាប្រជាធិបតេយ្យដួលរលំ -ជាថ្ងៃកំណើតទី 2 របស់ប្រជាជនខ្មែរ -ជាថ្ងៃដែលកងទ័ពរណសិរ្យសាមគ្គីនិងកងទ័ពរំដោះប្រជាជន បានរំដោះប្រជាជនចេញពីរបបប្រល័យពូជសាស្ត្រកម្ពុជា។,ថ្ងៃរំដោះ 7 មករា 1979 មានអត្ថន័យជាប្រវត្តិសាស្រ្តដូចជា÷ -ជាថ្ងៃដែលប្រជាជនរួចផុតពីរបបប្រល័យពូជសាសន៍ -ជាថ្ងៃដែលរបបកម្ពុជាប្រជាធិបតេយ្យដួលរលំ -ជាថ្ងៃកំណើតទី 2 របស់ប្រជាជនខ្មែរ -ជាថ្ងៃដែលកងទ័ពរណសិរ្យសាមគ្គីនិងកងទ័ពរំដោះប្រជាជន បានរំដោះប្រជាជនចេញពីរបបប្រល័យពូជសាស្ត្រកម្ពុជា។,8,6,3,0.75,0.9580078125,4,8,1,2
62,ចូររៀបរាប់អំពីទំនាក់ទំនងរវាងការដាំដុះអាជីវកម្មព្រៃឈើនិងនេសាទ។,ទំនាក់ទំនងរវាង ការដាំដុះអាជីវកម្មព្រៃឈើ និងការនេសាទ៖  _ ការដាំដុះអាជីវកម្មព្រៃឈើ និងការនេសាទ ជាភោគទ្រព្យយ៉ាងសំខាន់សម្រាប់ប្រជាជនក្នុងការទ្រទ្រង់ក្នុងជីវភាពរស់នៅនិងការអភិវឌ្ឍន៍ប្រទេសជាតិ   _ ដើម្បីបំពេញតម្រូវការក្នុងកសិកម្មផលិតកម្មនិងត្រូវការផ្សេងៗ មនុស្សនាំគ្នាកាប់ព្រៃឈើដើម្បីធ្វើអាជីវកម្មព្រៃឈើជាមូលហេតុធ្វើឲ្យអាកាសធាតុប្រែប្រួលប៉ះពាល់ដល់ជីវិតមនុស្ស សត្វ និងរុក្ខជាតិ  ​ _ អតិផលនៃប្រព័ន្ធកសិកម្ម នាំឲ្យមានកំណើននៃការប្រើប្រាស់គីមីនិងថ្នាំសម្លាប់សត្វល្អិត។ ជីគីមី និងថ្នាំសម្លាប់សត្វល្អិត ទាំងនោះហូរទៅផ្ដុំគ្នានៅតាមផ្លូវទឹកនានា បំផ្លាញជីវិតសត្វនិងពូជធម្មជាតិ។,រៀបរាប់ពីទំនាក់ទំនងរវាងការដាំដុះអាជីវកម្មព្រៃឈើនិងការនេសាទ៖  _ ការដាំដុះ : ការធ្វើកសិកម្មដាំដំណាំ ការធ្វើអាជីវកម្ម ការដាំដុះស្រូវ ម្រេចនិងរបស់ដែលមានប្រយោជន៍ឲ្យប្រជាជនទិញយកទៅបរិភោគដោយមិនប្រើប្រាស់ថ្នាំគីមី  _ អាជីវកម្មព្រៃឈើ : ការកាប់ព្រៃឈើដើម្បីលក់យកទៅលក់ដោយខុសច្បាប់មិនគោរពគោលការណ៍ កាប់ព្រៃឈើដើម្បីធ្វើជាគ្រឿងសង្ហារឹមនានា ការដុតព្រៃឈើដើម្បីធ្វើកសិកម្ម ការប្រើប្រាស់ឈើដើម្បីសាងសង់ផ្ទះស្នាក់នៅ  _ ការនេសាទ : ការនេសាទត្រីនៅតាមដងទន្លេ នេសាទនៅពេលដែលត្រីពងរួចឬមួយខែទៅពីរខែមិនត្រូវនេសាទពេលត្រូវពងទេ នេសាទនៅមាត់សមុទ្រធំមានរលកធំៗធ្វើឲ្យមានគ្រោះថ្នាក់ខ្លាំងចំពោះអ្នកនេសាទ ការនេសាទត្រីដើម្បីឲ្យប្រជាជនខ្មែរយកទៅធ្វើប្រហុកបរិភោគឬក៏យកទៅលក់តគ្នា។,15,5,1,0.3333333333333333,0.55224609375,2,8,1,3
63,តើផ្សិតមានរូបរាងខុសៗគ្នាអាស្រ័យនឹងអ្វី? ស្រូបសារធាតុចិញ្ចឹមតាមរយៈអ្វី?,ផ្សិតមានរូបរាងខុសៗគ្នាអាស្រ័យនឹងការតម្រៀបអុីបរបស់វា។ផ្សិតស្រូបសារធាតុចិញ្ចឹមតាមរយ:អុីបដែលដុះចូលទៅក្នុងប្រភពអាហារ។,ផ្សិតមានរូបរាងខុសៗគ្នាអាស្រ័យនឹងការតម្រៀបអុីបរបស់វា។ផ្សិតស្រូបសារធាតុចិញ្ចឹមតាមរយ:អុីបដែលដុះចូលទៅក្នុងប្រភពអាហារ។,10,7,3,0.7,0.66845703125,3,7,0,0
64,ចូររៀបរាប់ពីទំនាក់ទំនងរវាងការដាំដុះ​ អាជីវកម្មព្រៃឈើ និងការនេសាទ។,ទំនាក់ទំនងរវាងការដាំដុះ អាជីវកម្មព្រៃឈើ និងការនេសាទមានដូចជា៖ -ការដាំដុះដោយប្រើជីធម្មជាតិ -ការប្រើប្រាស់ជីគីមី -ដាំដុះនិងធ្វើតាមរដូវ -អាជីវកម្មព្រៃឈើ -ការកាប់បំផ្លាញព្រៃឈើ -ការដុតព្រៃឈើ -ការកាប់ឈើយកទៅធ្វើអាជីវកម្ម +ការនេសាទ -ការនេសាទត្រីពេលត្រីពក -ការនេសាទដោយប្រើអគ្គិសនី -ការនេសាទហួសកម្រិត -ការនេសាទគឺជាមុខរបរប្រចាំថ្ងៃាបស់ប្រជាជន -នឹងជាអាហារប្រចាំថ្ងៃរបស់ប្រជាជន -ការនេសាទធ្វើប្រជាជនមានមុខរបររកស៊ីត្រឹមត្រូវ -ការនេសាទប្រើប្រាស់ឧបករណ៍នេសាទខុសច្បាប់ -ការបំផ្លាញជំរកត្រី -ការបកហូរទឹកចេញពី,រៀបរាប់ពីទំនាក់ទំនងនៃការដាំដុះ អាជីវកម្មព្រៃឈើ និងការនេសាទ៖ +ការដាំដុះ អាជីវកម្មព្រៃឈើ -ការដាំដើមធ្វើឲ្យមានកម្លែងម្លប់ -ការដាំដើមឈើធ្វើឲ្យសត្វមានជម្រក -ដើមឈើអាចយលធ្វើផ្ទះបាន -អាចតកទៅធ្វើធ្យូងឬអុស -និងមានសារៈសំខាន់ផ្សេងៗទៀត។ +ការនេសាទ -ការនេសាទត្រីសម្រាប់ចិញ្ចឹមជីវិត -ការនេសាទធ្វើជាអាជីវកម្មទីផ្សារ -សម្រាប់ផ្គត់ផ្គង់ទីផ្សារ -ធ្វើឲ្យមានមុខរបរ -ការនេសាទដើម្បីចិញ្ចឹមជីវភាពនិងគ្រួសារ។,15,3,1,0.2,0.556640625,2,8,1,5
65,ហេតុអ្វីបានជាមនុស្សស្រូបយកខ្យល់ដែលមានកាបូនម៉ណូអុកស៊ីតអាចបង្កគ្រោះថ្នាក់ដល់ស្លាប់បាន?,បានជាមនុស្សស្រូបយកខ្យល់ដែលមានកាបូនម៉ូណូអុកស៊ីដអាចបង្កឲ្យមានគ្រោះថ្នាក់ដល់ស្លាប់ បានព្រោះកាបូនម៉ូណូអុកស៊ីដមានសមត្ថភាពចាប់យក ក្នុងឈាមបានខ្លាំងជាងអុកស៊ីសែន វារារាំងឈាមមិនឲ្យដឹកនាំអុកស៊ីសែនទៅចិញ្ចឹមសរីរាង្គជាពិសេសខួរក្បាលដែលបណ្តាលឲ្យ ស្លាប់និង សន្លប់ ។,បានជាមនុស្សស្រូបយកខ្យល់ដែលមានកាបូនម៉ូណូអុកស៊ីដអាចបង្កឲ្យមានគ្រោះថ្នាក់ដល់ស្លាប់ បានព្រោះកាបូនម៉ូណូអុកស៊ីដមានសមត្ថភាពចាប់យក ក្នុងឈាមបានខ្លាំងជាងអុកស៊ីសែន វារារាំងឈាមមិនឲ្យដឹកនាំអុកស៊ីសែនទៅចិញ្ចឹមសរីរាង្គជាពិសេសខួរក្បាលដែលបណ្តាលឲ្យ ស្លាប់និង សន្លប់ ។,5,4,3,0.8,0.9169921875,4,5,1,1
66,តើប្រព័ន្ធផលិតកម្មកសិកម្មនៅក្នុងប្រទេសកម្ពុជាមានអ្វីខ្លះ?ចូររៀបរាប់​ ។,ប្រព័ន្ធផលិតកម្មកសិកម្មនៅប្រទេសកម្ពុជាមាន៖    _ ដំណាំ : ដំណាំស្រូវ ដំណាំកៅស៊ូ ដំណាំផ្សេងៗទៀត    _ ការចិញ្ចឹមសត្វ : ការចិញ្ចឹមសត្វលើគោក ការចិញ្ចឹមសត្វក្នុងទឹក    _ ការនេសាទ : ការនេសាទទឹកសាប ការនេសាទទឹកប្រៃ  _ ព្រៃឈើ : ផលិតផលឈើ អនុផលព្រៃឈើ(រកឃ្មុំ ជ័រទឹក វល្លិ៍ ផ្តៅ) សត្វព្រៃ ។,ប្រព័ន្ធផលិតកម្មកសិកម្មនៅប្រទេសកម្ពុជាមានដូចជា +ដំណាំ -ដំណាំស្រូវ -ដំណាំកៅស៊ូ -ដំណាំផ្សែងទៀត +ការចិញ្ចឹមសត្វ -ការចិញ្ចឹមសត្វលើគោក(គោមាន់ទាជ្រូក) -ការចិញ្ចឹមសាច់ក្នុងទឹកត្រី +ការនេសាទ -ការនេសាទទឹកសាប -ការនេសាទសប្រៃ +ព្រៃឈើ -អនុផលព្រៃឈើរកវល្លី បេះផ្លែឈើជាដើម។,10,10,4,1.0,0.5419921875,2,5,2,5
67,តើដំណាក់កាលទាំងពីរនៃវដ្ដជីវីតរបស់រុក្ខជាតិមានអ្វីខ្លះ? ចូររៀបរាប់។,ដំណាក់កាល ទាំងពីរនៃវដ្ដជីវិតរបស់រុក្ខជាតិមាន  - ដំណាក់កាលស្ប៉រ៉ូភីត គឺជារុក្ខជាតិផលិតស្ប៉។ វាជាកោសិកាតូចៗដែលអាចលូតលាស់ជាសារពាង្គកាយថ្មី  -ស្ប៉លូតលាស់ក្នុងដំណាក់កាលផ្សេងទៀតនៃរុក្ខជាតិ ហៅថាកាម៉ែតូភីត។ ក្នុងដំណាក់កាលនៃរុក្ខជាតិផលិតកោសិកាភេទពីរបែប គឺកាម៉ែតឈ្មោល និងកាម៉ែតញី ។ កាម៉ែតញី និង កាម៉ែតឈ្មោលលាយចូលគ្នា បង្កើតបានជាសុីកូត។ បន្ទាប់មកទៀត សុីកូតលូតលាស់ទៅជាស្ប៉រ៉ូភីត។ស្ប៉រ៉ូភីតផលិតស្ប៉លូតលាស់ក្នុងកាម៉ែតូភីត កាម៉ែតូភីតផលិតកាម៉ែតញី និងកាម៉ែតឈ្មោល ហើយវដ្ដផ្ដើមសារជាថ្មី។,ដំណាក់កាល ទាំងពីរនៃវដ្ដជីវិតរបស់រុក្ខជាតិមាន  - ដំណាក់កាលស្ប៉រ៉ូភីត គឺជារុក្ខជាតិផលិតស្ប៉។ វាជាកោសិកាតូចៗដែលអាចលូតលាស់ជាសារពាង្គកាយថ្មី  -ស្ប៉លូតលាស់ក្នុងដំណាក់កាលផ្សេងទៀតនៃរុក្ខជាតិ ហៅថាកាម៉ែតូភីត។ ក្នុងដំណាក់កាលនៃរុក្ខជាតិផលិតកោសិកាភេទពីរបែប គឺកាម៉ែតឈ្មោល និងកាម៉ែតញី ។ កាម៉ែតញី និង កាម៉ែតឈ្មោលលាយចូលគ្នា បង្កើតបានជាសុីកូត។ បន្ទាប់មកទៀត សុីកូតលូតលាស់ទៅជាស្ប៉រ៉ូភីត។ស្ប៉រ៉ូភីតផលិតស្ប៉លូតលាស់ក្នុងកាម៉ែតូភីត កាម៉ែតូភីតផលិតកាម៉ែតញី និងកាម៉ែតឈ្មោល ហើយវដ្ដផ្ដើមសារជាថ្មី។,15,15,4,1.0,0.64599609375,3,10,1,5
68,ចូរប្រៀបធៀបលក្ខណៈខុសគ្នានៃផ្សិត និងរុក្ខជាតិ។,លក្ខណៈខុសគ្នានៃផ្សិតនិងរុក្ខជាតិ +ផ្សិត  -ផ្សិតបន្តពូជតាមរយៈស្ប៉ -ផ្សិតមិនធ្វើរស្មីសំយោគ -អុីប -វារស់នៅកន្លែងសើម +រុក្ខជាតិ -បន្តពូជដោយគ្រាប់ -វាត្រូវការធ្វើរស្មីសំយោគ -វារស់នៅកន្លែងដែលមានពន្លឺ,លក្ខណ:ខុសគ្នារវាងផ្សិត និង រុក្ខជាតិ +ផ្សិត -ជាភាវ:រស់បរជីព -មានអុីបក្រោមដី -បន្តពូជតាមរយ:ស្ប៉ +រុក្ខជាតិ -ជាភាវ:រស់ស្វ័យជីព -មានឬស -បន្តពូជតាមរយ:គ្រាប់ ។,12,7,2,0.5833333333333334,0.783203125,3,9,1,2
69,តើថ្ងៃរំដោះ៧មករា១៩៧៩ មានអត្ថន័យយ៉ាងណាខ្លះចំពោះប្រវត្តិសាស្ត្រកម្ពុជា?,ថ្ងៃរំដោះ 7 មករា 1979 មានអត្ថន័យជាប្រវត្តិសាស្រ្តដូចជា÷ -ជាថ្ងៃដែលប្រជាជនរួចផុតពីរបបប្រល័យពូជសាសន៍ -ជាថ្ងៃដែលរបបកម្ពុជាប្រជាធិបតេយ្យដួលរលំ -ជាថ្ងៃកំណើតទី 2 របស់ប្រជាជនខ្មែរ -ជាថ្ងៃដែលកងទ័ពរណសិរ្យសាមគ្គីនិងកងទ័ពរំដោះប្រជាជន បានរំដោះប្រជាជនចេញពីរបបប្រល័យពូជសាស្ត្រកម្ពុជា។,ថ្ងៃរំដោះ 7 មករា 1979 បានផ្ដល់អត្ថន័យជាប្រវត្តិសាស្រ្តចំពោះកម្ពុជាដូចជា÷ -ជាថ្ងៃដែលប្រជាជនកម្ពុជារួចផុតពីការសម្លាប់យ៉ាងរង្គាលនៃរបបប្រល័យពូជសាសន៍កម្ពុជាប្រជាធិបតេយ្យ -ជាថ្ងៃដែលប្រជាជនកម្ពុជាទទួលបាននូវសិទ្ធិសេរីភាព សិទ្ធិនៃការសម្រេចចិត្តលើជោគវាសនាខ្លួន -ជាការរស់រានឡើងវិញនូវវប្បធម៌ជាតិ -ជាថ្ងៃស្ដារនិងកសាងប្រទេសឡើងវិញតាមឆន្ទះនិងគោលបំណងប្រជាជន -ថ្ងៃដែលកម្ពុជាឈានទៅរកឯករាជ្យ សន្តិភាព សេរីភាព និងសុភមង្គល -ជាថ្ងៃស្ដារនិងកសាងប្រទេសឡើងវិញលើឆាកតំបន់និងអន្តរជាតិ -ជាថ្ងៃដែលបណ្ដាលឱ្យមានវត្តមានកងទ័ពវៀតណាមជាថ្មីម្ដងទៀតលើទឹកដីកម្ពុជា។,8,8,4,1.0,0.95458984375,4,8,0,0
70,តើឧស្សាហកម្មមានតួនាទីដូចម្ដេចខ្លះចំពោះសេដ្ឋកិច្ចជាតិ?,ឧស្សាហកម្មមាន​តួនាទីចំពោះសេដ្ឋកិច្ចជាតិដូចជា ៖ ​ _ ជួយបង្កើតថវិការជាតិ ​ _ ជួយបង្កើតទិន្នផលជាតិ ​​ _ ជួយឲ្យសេដ្ឋកិច្ចជាតិរីកចម្រើន  _ ប្រជាជនសំបូរធូរធារ  _អភិវឌ្ឍគ្រប់វិស័យ  _ មានទំនាក់ទំនងល្អជាមួយអ្នកជិតខាង  _ មានភាពរុងរឿងនៅក្នុងប្រទេសជាតិ។,ឧស្សាហកម្មមានតួនាទីចំពោះសេដ្ឋកិច្ចដូចជា៖ -ឧស្សាហកម្មជួយឲ្យប្រទេសមានការរីកចម្រើន -សេដ្ឋកិច្ចអភិវឌ្ឍន៍ប្រទេសក្រីក្រថាប្រទេស  -មានទំនាក់ទំនងជាមួយប្រទេសជិតខាងថាប្រទេសមានការរីកចម្រើនធ្វើឲ្យប្រទេស -នាំចូលឧស្សាហកម្មកាន់តែច្រើនឡើង មានការនាំចូលនាំចេញទៅក្រៅប្រទេសបង្កើតការងារឲ្យប្រជាជនថាប្រជាជនគ្មានការងារធ្វើ ច្រើនធ្វើឲ្យប្រទេសជាតិ ខាងវិស័យ មានតួនាទីសំខាន់ចំពោះប្រទេស,15,15,4,1.0,0.90625,4,14,0,1
71,ហេតុអ្វីបានជាមនុស្សស្រូបយកខ្យល់ដែលមានកាបូនម៉ណូអុកស៊ីតអាចបង្កគ្រោះថ្នាក់ដល់ស្លាប់បាន?,បានជាមនុស្សស្រូបយកខ្យល់ដែលមានកាបូនម៉ូណូអុកស៊ីដអាចបង្កឲ្យមានគ្រោះថ្នាក់ដល់ស្លាប់ បានព្រោះកាបូនម៉ូណូអុកស៊ីដមានសមត្ថភាពចាប់យក ក្នុងឈាមបានខ្លាំងជាងអុកស៊ីសែន វារារាំងឈាមមិនឲ្យដឹកនាំអុកស៊ីសែនទៅចិញ្ចឹមសរីរាង្គជាពិសេសខួរក្បាលដែលបណ្តាលឲ្យ ស្លាប់និង សន្លប់ ។,បានជាមនុស្សស្រូបយកខ្យល់ដែលមានកាបូនម៉ូណូអុកស៊ីដអាចបង្កឲ្យមានគ្រោះថ្នាក់ដល់ស្លាប់ បានព្រោះកាបូនម៉ូណូអុកស៊ីដមានសមត្ថភាពចាប់យក ក្នុងឈាមបានខ្លាំងជាងអុកស៊ីសែន វារារាំងឈាមមិនឲ្យដឹកនាំអុកស៊ីសែនទៅចិញ្ចឹមសរីរាង្គជាពិសេសខួរក្បាលដែលបណ្តាលឲ្យ ស្លាប់និង សន្លប់ ។,5,4,3,0.8,0.9169921875,4,5,1,1
72,តើការស្ថិតនៅក្រៅសារពាង្គកាយនៃពងស្វាសមានសារៈសំខាន់ដូចម្តេច?,ការស្ថិតនៅក្រោមសារពាង្គកាយនៃពងស្វាសមានសារៈសំខាន់ដូចជាដើម្បីរក្សាសីតុណ្ហភាពឲ្យ ទាបជាងសីតុណ្ហភាពក្នុងខ្លួន ប្រហែលពី(2-3)សីតុណ្ហភាពក្នុងខ្លួន37 ។,ការស្ថិតនៅក្រោមសារពាង្គកាយនៃពងស្វាសមានសារៈសំខាន់ក្នុងការផលិតអរម៉ូនភេទឈ្មោលនិង បង្កើតស្ពែម៉ាតូសូអ៊ីត ។,10,3,1,0.3,0.33837890625,1,3,0,0
73,តើដំណាក់កាលទាំងពីរនៃវដ្ដជីវីតរបស់រុក្ខជាតិមានអ្វីខ្លះ? ចូររៀបរាប់។,ដំណាក់កាល ទាំងពីរនៃវដ្ដជីវិតរបស់រុក្ខជាតិមាន  - ដំណាក់កាលស្ប៉រ៉ូភីត គឺជារុក្ខជាតិផលិតស្ប៉។ វាជាកោសិកាតូចៗដែលអាចលូតលាស់ជាសារពាង្គកាយថ្មី  -ស្ប៉លូតលាស់ក្នុងដំណាក់កាលផ្សេងទៀតនៃរុក្ខជាតិ ហៅថាកាម៉ែតូភីត។ ក្នុងដំណាក់កាលនៃរុក្ខជាតិផលិតកោសិកាភេទពីរបែប គឺកាម៉ែតឈ្មោល និងកាម៉ែតញី ។ កាម៉ែតញី និង កាម៉ែតឈ្មោលលាយចូលគ្នា បង្កើតបានជាសុីកូត។ បន្ទាប់មកទៀត សុីកូតលូតលាស់ទៅជាស្ប៉រ៉ូភីត។ស្ប៉រ៉ូភីតផលិតស្ប៉លូតលាស់ក្នុងកាម៉ែតូភីត កាម៉ែតូភីតផលិតកាម៉ែតញី និងកាម៉ែតឈ្មោល ហើយវដ្ដផ្ដើមសារជាថ្មី។,រុក្ខជាតិមានវដ្ដជីវិតសាំញុំរួមមាន២ ដំណាក់កាលគឺ ស្ប៉រ៉ូភីត និង កាម៉ែតូភីត -ស្ប៉រ៉ូភីត គឺជា រុក្ខជាតិផលិតស្ប៉ ។ វាជាកោសិកាតូចៗដែលអាចលូតលាស់ជាសារពាង្គកាយថ្មី។ -កាម៉ែតូភីត គឺជាស្ប៉លូតលាស់ក្នុងដំណាក់កាលមួយនៃរុក្ខជាតិ។វាបង្កើតបានជាភេទ ២ គឺកាម៉ែតញី និង កាម៉ែតឈ្មោល ។,15,14,4,0.9333333333333333,0.58154296875,2,9,2,5
74,តើប្រទេសកម្ពុជាចូលជាសមាជិក សហគមន៍អាស៊ីអាគ្នេយ៍ទទួលផលវិជ្ជមាននិងអវិជ្ជមានដូចម្តេចខ្លះ?,ពណ៌នាពីពីការអភិវឌ្ឍសេដ្ឋកិច្ច សង្គម នៅកម្ពុជាពីឆ្នាំ១៩៩៣ មកទល់សព្វថ្ងៃ .វិស័យសេដ្ឋកិច្ច:  +សេដ្ឋកិច្ចកម្ពុជាមានការរីកចម្រើនឡើងជាបន្តបន្ទាប់ដែលធ្វើឲ្យប្រទេសកម្ពុជាមានជីវភាពល្អប្រសើរ។ +កសិកម្មរីកចម្រើនខាងដាំដំណាំស្រូវទទួលបានទិន្នផលខ្ពស់ជាបន្តបន្ទាប់ +ឧស្សាហកម្មមានតំណាងរោងចក្រច្រើនកន្លែងនិងលើកឡើងនៅសហគ្រឿងធំៗដែលបានផ្ដល់ចំណូលដល់ប្រជាពលរដ្ឋ +ពាណិជ្ជកម្មកាលនាំចូលមកក្នុងប្រទេសនិងមានវិនិយោគក្នុងប្រទេស +គមនាគមន៍កសាងស្ពានផ្លូវថ្នល់អាកាសយានដ្ឋានផ្គត់ផ្គង់ប្រព័ន្ធទឹកពីទីក្រុងដល់ជនបទ កំពុងផែ +ហិរញ្ញវត្ថុមានស្ថេរភាពក្នុងអត្រាប្ដូរប្រាក់ +ធនាគារលើកឡើងនៅធនាគារជាតិហ្នឹងឯកជនជាច្រើន .វិស័យសង្គម +ការអប់រំសិក្សា បង្កើតសាលារៀនគ្រប់កម្រិតពីមត្តីរហូតដល់ឧត្តមសិក្សាបណ្ដុះបណ្ដាលធនធានមនុស្សនិងបញ្ជូននិស្សិតឲ្យទៅរៀននៅក្រៅប្រទេស។ +វប្បធម៌អរិយធម៌ ស្ដារវប្បធម៌ឡើងវិញនិងដាក់បញ្ចូលជាសម្បត្តិបេតិកភណ្ឌពិភពលោកចាប់ផ្ដើមប្រជាជនមានសិទ្ធិជឿលើសាសនា។ +សុខាភិបាលបង្កើតឲ្យមានមន្ទីរពេទ្យលោកសុខភាពនិងឱសថសាស្ត្រ +សិល្បៈបង្កើតឲ្យមានសាលាសាកលវិទ្យាល័យសិល្បៈ.,ប្រទេសកម្ពុជាចូលជាសមាជិក សហគមន៍អាស៊ីអាគ្នេយ៍ទទួលផលវិជ្ជមាននិងអវិជ្ជមានដូចជា +ផលវិជ្ជមាន ក/ខាងវិស័យនយោបាយ -កម្ពុជាលែងជាប្រទេសឯកោ -កម្ពុជាមានមុខមាត់ឈរបណ្ដាប្រទេសជាមួយសមាជិកអាស៊ាន -កម្ពុជាមានទំនាក់ទំនងជាមួយប្រទេសនៅបណ្ដាលតំបន់និងពិភលោក ខ/ខាងសេដ្ឋកិច្ច -កម្ពុជាជាប្រទេសទាក់ទាញភ្ញៀវទេសចរណ៍ -កម្ពុជាអាចមានការរីកចម្រើន -រីកចម្រើនខាងវិស័យសេដ្ឋកិច្ច -មានផលិតផលនាំចេញ -រីកចម្រើនខាងភ្ញៀវទេសចរបង្កើនប្រាក់ចំណូលដល់ប្រជាជន គ/ខាងសង្គម,10,5,2,0.5,0.58251953125,2,6,0,1
75,តើគេចែកប្រូទីសជាប៉ុន្មានក្រុម?អ្វីខ្លះ?,ប្រូទីសសត្វចែកជា 4 ក្រុមតាមរបៀបរស់នៅនឹងផ្លាស់ទីរបស់វា  +ប្រូតូសូអ៊ែផ្លាស់ទីដោយជើងបញ្ឆោត: អាមីប +ប្រូតូសូអ៊ែផ្លាស់ទីដោយផ្លាសែល : សាឌីយ៉ា +ប្រូតូសូអ៊ែបន្តពូជតាមរយ:ស្ប៉ :ស្ប៉រ៉ូសូអ៊ែ។,គេចែកប្រូទីសសត្វជា3 ក្រុម -ប្រូទីសសត្វ  -ប្រូទីសរុក្ខជាតិ - និងប្រូទីសផ្សិត។,8,7,4,0.875,0.6123046875,2,5,2,2
76,តើគេចែកប្រូទីសជាប៉ុន្មានក្រុម?អ្វីខ្លះ?,ប្រូទីសសត្វចែកជា 4 ក្រុមតាមរបៀបរស់នៅនឹងផ្លាស់ទីរបស់វា  +ប្រូតូសូអ៊ែផ្លាស់ទីដោយជើងបញ្ឆោត: អាមីប +ប្រូតូសូអ៊ែផ្លាស់ទីដោយផ្លាសែល : សាឌីយ៉ា +ប្រូតូសូអ៊ែបន្តពូជតាមរយ:ស្ប៉ :ស្ប៉រ៉ូសូអ៊ែ។,គេចែកប្រូទីសសត្វជា 4ប្រភេទគឺ-ប្រូទីសផ្លាស់ទីដោយជើងបញ្ឆោត : អាមីប-ប្រូទីស ផ្លាស់ទីដោយរោមញ័រ : ប៉ារ៉ាមេសុី-ប្រូទីសផ្លាស់ទីដោយ ប្លាសែល-ប្រូទីសផ្លាស់ទីដោយ ស្ប៉។,8,6,3,0.75,0.65234375,3,5,0,1
77,តើអាណាចក្រភ្នំមានព្រំប្រទល់ជាប់ប្រទេសណាខ្លះ?,អាណាចក្រភ្នំមានព្រំប្រទល់ជាប់ប្រទេសដូចជា -ខាងជើងជាប់ចិន -ខាងត្បូងជាឈូងសមុទ្រខ្មែរ -ខាងកើតជាប់រដ្ឋចម្ប៉ា -ខាងលិចជាប់រដ្ធមនឬភូមា។,អាណាចក្រភ្នំមានព្រំប្រទល់ជាប់ប្រទេសដូចជា -ខាងជើងជាប់ចិន(រដ្ឋណានឆាវតុងកឹង) -ខាងត្បូងជាឈូងសមុទ្រខ្មែរ(ឈូងសមុទ្រនគរភ្នំ) -ខាងកើតជាប់រដ្ឋចម្ប៉ា -ខាងលិចជាប់រដ្ឋមនឬភូមា។,6,6,4,1.0,0.9130859375,4,5,0,1
78,តើប្រព័ន្ធផលិតកម្មកសិកម្មនៅក្នុងប្រទេសកម្ពុជាមានអ្វីខ្លះ?ចូររៀបរាប់​ ។,ប្រព័ន្ធផលិតកម្មកសិកម្មនៅប្រទេសកម្ពុជាមាន៖    _ ដំណាំ : ដំណាំស្រូវ ដំណាំកៅស៊ូ ដំណាំផ្សេងៗទៀត    _ ការចិញ្ចឹមសត្វ : ការចិញ្ចឹមសត្វលើគោក ការចិញ្ចឹមសត្វក្នុងទឹក    _ ការនេសាទ : ការនេសាទទឹកសាប ការនេសាទទឹកប្រៃ  _ ព្រៃឈើ : ផលិតផលឈើ អនុផលព្រៃឈើ(រកឃ្មុំ ជ័រទឹក វល្លិ៍ ផ្តៅ) សត្វព្រៃ ។,ប្រព័ន្ធផលិតកម្មនៅប្រទេសកម្ពុជារួមមាន៖  +កសិកម្មផ្នែកដាំដុះ -ដំណាំស្រូវ លោក ដំឡូងពោត   -ដំណាំកៅស៊ូ -ដំណាំហូងផ្លែ +កសិកម្មនេសាទ -ការនេសាទត្រី -ការចិញ្ចឹមត្រី +កសិកម្មអនុផលព្រៃឈើ -ការកាប់យកព្រៃឈើមានតម្លៃ -ការអាស្រ័យយកផល្លាក្នុងព្រៃល។,10,7,3,0.7,0.5380859375,2,5,1,2
79,តើព្រះអង្គឌួងមានស្នាព្រហស្ថអ្វីខ្លះចំពោះប្រទេសជាតិនិងប្រជារាស្ត្រខ្មែរ?,ព្រះបាទអង្គឌួងមានស្នាព្រហស្តដូចជាផ្នែករដ្ឋបាលរៀបចំប្រព័ន្ធរដ្ឋបាលនិងច្បាប់ទម្លាប់ស្ដារឡើងវិញមានរបៀបផ្នែកសេដ្ឋកិច្ចលើកស្ទួយវិស័យកសិកម្មជួសជុលប្រព័ន្ធ សេះនិងពាណិជ្ជកម្ម ភ្នែកបរទេសស្វែងរកជំនួយពីបារាំងដើម្បីទប់ទល់នឹងការត្រួតត្រាយួននិងសៀម ផ្នែកវប្បធម៌លើកស្ទួយវប្បធម៌អក្សរសាស្ត្រខ្មែរនិង សាសនា កត្តាផ្ទៃក្នុង ការបែកបាក់រាជវង្សានុវង្សបែកបាក់សាមគ្គី។,ព្រះអង្គឌួងមានស្នាព្រហស្តដូចជា នយោបាយទាមទារទឹកដីដែលបាត់បង់មកវិញនិងស្វែងរកកិច្ចការពារពីប្រទេសពីរខែត្រួតត្រារបស់សៀមនិងយួន វប្បធម៌ លើកស្ទួយអក្សរសាស្ត្រខ្មែរនិពន្ធរឿងកាកីនិងជួសជុលវត្តអារាម សេដ្ឋកិច្ច បោះពុម្ពប្រាក់ឌួងប្រើប្រាស់និងសាងផ្លូវថ្នល់ផ្លូវពីឧត្តុង្គទៅកំពត។,15,13,3,0.8666666666666667,0.91162109375,4,14,1,1
80,បុព្វហេតុអ្វីខ្លះដែលនាំឲ្យអាណាចក្រចេនឡាបែកបាក់ជាពីរគឺអាណាចក្រចេនឡាដីគោកនិងចេនឡាទឹកលិច?,បុព្វហេតុដែលនាំហើយអាណាចក្រចេនឡាបែកជាពីរគឺ -វិសាលភាពទឹកដីធំទូលាយ -ចម្បាំងអត់ឈប់ឈរ -សមន្ដរដ្ឋបះបោរចង់ផ្ដាច់ខ្លួន -វិបត្តិផ្ទៃក្នុង -ព្រះនាងជ័យទេវីគ្មានសមត្ថភាពគ្រប់គ្រង។,បុព្វហេតុដែលនាំហើយអាណាចក្រចេនឡាបែកជាពីរគឺ -វិសាលភាពទឹកដីធំទូលាយ -ចម្បាំងអត់ឈប់ឈរ -សមន្ដរដ្ឋបះបោរចង់ផ្ដាច់ខ្លួន -វិបត្តិផ្ទៃក្នុង -ព្រះនាងជ័យទេវីគ្មានសមត្ថភាពគ្រប់គ្រង។,7,7,4,1.0,0.91650390625,4,6,0,1
81,តើសង្គមខ្មែរនៅសម័យអង្គរមានប៉ុន្មានវណ្ណៈ? វណ្ណៈអ្វីខ្លះ? ចូលរៀបរាប់។,សង្គមខ្មែរនៅសម័យអង្គរមានប្រាំវណ្ណៈគឺ -វណ្ណៈក្សត្រឬរាជវង្សនុវង្ស (ជាស្ដេចគ្រប់គ្រងប្រទេស -វណ្ណៈមន្ត្រី (អ្នករស់នៅក្នុងរាជវាំងបម្រើស្ដេច) -វណ្ណៈព្រាហ្ម៍ឬបុព្វជិត​(គឺជាអ្នកបួស) -វណ្ណៈអ្នកជាឬកសិករ (អ្នករស់នៅនឹងធ្វើស្រែចម្ការ) -វណ្ណៈអ្នកងារឬទាសករ(ទាសករបម្រើគេតកូនតចៅ)។,សង្គមខ្មែរនៅសម័យអង្គរមានប្រាំវណ្ណៈគឺ -វណ្ណៈក្សត្រឬរាជវង្សនុវង្ស (ជាស្ដេចគ្រប់គ្រងប្រទេស -វណ្ណៈមន្ត្រី (អ្នករស់នៅក្នុងរាជវាំងបម្រើស្ដេច) -វណ្ណៈព្រាហ្ម៍ឬបុព្វជិត​(គឺជាអ្នកបួស) -វណ្ណៈអ្នកជាឬកសិករ (អ្នករស់នៅនឹងធ្វើស្រែចម្ការ) -វណ្ណៈអ្នកងារឬទាសករ(ទាសករបម្រើគេតកូនតចៅ)។,10,9,4,0.9,0.837890625,3,8,1,1
82,ហេតុអ្វីបានជាមនុស្សស្រូបយកខ្យល់ដែលមានកាបូនម៉ណូអុកស៊ីតអាចបង្កគ្រោះថ្នាក់ដល់ស្លាប់បាន?,បានជាមនុស្សស្រូបយកខ្យល់ដែលមានកាបូនម៉ូណូអុកស៊ីដអាចបង្កឲ្យមានគ្រោះថ្នាក់ដល់ស្លាប់ បានព្រោះកាបូនម៉ូណូអុកស៊ីដមានសមត្ថភាពចាប់យក ក្នុងឈាមបានខ្លាំងជាងអុកស៊ីសែន វារារាំងឈាមមិនឲ្យដឹកនាំអុកស៊ីសែនទៅចិញ្ចឹមសរីរាង្គជាពិសេសខួរក្បាលដែលបណ្តាលឲ្យ ស្លាប់និង សន្លប់ ។,បានជាមនុស្សស្រូបយកខ្យល់ដែលមានកាបូនម៉ូណូអុកស៊ីដអាចបង្កឲ្យមានគ្រោះថ្នាក់ដល់ស្លាប់ បានព្រោះកាបូនម៉ូណូអុកស៊ីដមានសមត្ថភាពចាប់យក ក្នុងឈាមបានខ្លាំងជាងអុកស៊ីសែន វារារាំងឈាមមិនឲ្យដឹកនាំអុកស៊ីសែនទៅចិញ្ចឹមសរីរាង្គជាពិសេសខួរក្បាលដែលបណ្តាលឲ្យ ស្លាប់និង សន្លប់ ។,5,4,3,0.8,0.9169921875,4,5,1,1
83,ចូរប្រៀបធៀបលក្ខណៈខុសគ្នានៃផ្សិត និងរុក្ខជាតិ។,លក្ខណៈខុសគ្នានៃផ្សិតនិងរុក្ខជាតិ +ផ្សិត  -ផ្សិតបន្តពូជតាមរយៈស្ប៉ -ផ្សិតមិនធ្វើរស្មីសំយោគ -អុីប -វារស់នៅកន្លែងសើម +រុក្ខជាតិ -បន្តពូជដោយគ្រាប់ -វាត្រូវការធ្វើរស្មីសំយោគ -វារស់នៅកន្លែងដែលមានពន្លឺ,លក្ខណៈខុសគ្នានៃផ្សិតនិងរុក្ខជាតិ +ផ្សិត  -ផ្សិតបន្តពូជតាមរយៈស្ប៉ -ផ្សិតមិនធ្វើរស្មីសំយោគ -អុីប -វារស់នៅកន្លែងសើម +រុក្ខជាតិ -បន្តពូជដោយគ្រាប់ -វាត្រូវការធ្វើរស្មីសំយោគ -វារស់នៅកន្លែងដែលមានពន្លឺ,12,8,3,0.6666666666666666,0.86572265625,3,10,0,2
84,តើសង្គមខ្មែរនៅសម័យអង្គរមានប៉ុន្មានវណ្ណៈ? វណ្ណៈអ្វីខ្លះ? ចូលរៀបរាប់។,សង្គមខ្មែរនៅសម័យអង្គរមានប្រាំវណ្ណៈគឺ -វណ្ណៈក្សត្រឬរាជវង្សនុវង្ស (ជាស្ដេចគ្រប់គ្រងប្រទេស -វណ្ណៈមន្ត្រី (អ្នករស់នៅក្នុងរាជវាំងបម្រើស្ដេច) -វណ្ណៈព្រាហ្ម៍ឬបុព្វជិត​(គឺជាអ្នកបួស) -វណ្ណៈអ្នកជាឬកសិករ (អ្នករស់នៅនឹងធ្វើស្រែចម្ការ) -វណ្ណៈអ្នកងារឬទាសករ(ទាសករបម្រើគេតកូនតចៅ)។,សង្គមខ្មែរនៅសម័យអង្គរមានប្រាំវណ្ណៈគឺ -វណ្ណៈក្សត្រឬរាជវង្សានុវង្ស:វណ្ណៈនេះមានបុព្វសិទ្ធ -វណ្ណៈមន្ត្រី -វណ្ណៈបុព្វជិត -វណ្ណៈអ្នកជា -វណ្ណៈទាសករនិងអ្នកងារ។,10,6,2,0.6,0.740234375,3,7,1,1
85,តើសង្គមខ្មែរនៅសម័យអង្គរមានប៉ុន្មានវណ្ណៈ? វណ្ណៈអ្វីខ្លះ? ចូលរៀបរាប់។,សង្គមខ្មែរនៅសម័យអង្គរមានប្រាំវណ្ណៈគឺ -វណ្ណៈក្សត្រឬរាជវង្សនុវង្ស (ជាស្ដេចគ្រប់គ្រងប្រទេស -វណ្ណៈមន្ត្រី (អ្នករស់នៅក្នុងរាជវាំងបម្រើស្ដេច) -វណ្ណៈព្រាហ្ម៍ឬបុព្វជិត​(គឺជាអ្នកបួស) -វណ្ណៈអ្នកជាឬកសិករ (អ្នករស់នៅនឹងធ្វើស្រែចម្ការ) -វណ្ណៈអ្នកងារឬទាសករ(ទាសករបម្រើគេតកូនតចៅ)។,សង្គមខ្មែរនៅសម័យអង្គរមានប្រាំវណ្ណៈគឺ -វណ្ណៈក្សត្រ -វណ្ណៈមន្ត្រី -វណ្ណៈបុព្វជិត -វណ្ណៈអ្នកជា -វណ្ណៈទាសករ។,10,10,4,1.0,0.708984375,3,7,1,3
86,សេដ្ឋកិច្ចកម្ពុជាពឹងផ្អែកលើវិស័យកសិកម្មជាសំខាន់៖ ​ក.​ ហេតុអ្វីបានជាគេនិយាយថាកម្ពុជាជាប្រទេសកសិកម្ម? ខ. តើគេចែកកសិករទាំងនោះជាប៉ុន្មានប្រភេទ?,សេដ្ឋកិច្ចកម្ពុជាបានផ្អែកលើវិស័យកសិកម្មជាសំខាន់៖ ក​. បានជាគេនិយាយថាប្រទេសកម្ពុជាជាប្រទេសកសិកម្មដោយសារ -ផ្ទៃដីនៅប្រទេសកម្ពុជាប្រហែល៩០ភាគរយសិតតែដំណាំស្រូវ -ប្រជាជនកកម្ពុជា ៧០.៣ភាគរយធ្វើកសិកម្ម -កសិកម្មជួយឲ្យប្រជាជនកម្ពុជាមានការងារធ្វើ -ប្រជាជននិយមធ្វើកសិកម្ម -ដីនៅកម្ពុជាប្រកបជាមួយកាធ្វើកសិកម្ម -កម្ពុជាមានអាកាសធាតុសមស្របសម្រាប់ធ្វើកសិកម្ម ខ. គេចែកកសិកម្មទាំងនោះជាពីរប្រភេទ៖ +កសិករខ្នាតតូច -ធ្វើកសិកម្មដើម្បីជីវិត -ធ្វើលក្ខណៈតិចតួច ទុកតែបរិភោគសម្រាប់គ្រួសារ -មិនលក់ឲ្យអ្នកណា +កសិករខ្នាតធំ -ធ្វើកសិកម្មច្រើនហើយទុកសម្រាប់លក់ឬនាំចេញទៅក្រៅប្រទេស -ធ្វើមួយឆ្នាំអាចទៅពីរលើក -ធ្វើលក្ខណៈច្រើន ដើម្បីលក់និងនាំចេញ។,សេដ្ឋកិច្ចកម្ពុជាបានផ្អែកលើវិស័យកសិកម្មជាសំខាន់៖ ក. បានជាគេនិយាយថាកម្ពុជាជាប្រទេសកសិកម្មដោយសារតែជាប្រទេសពឹងផ្អែកលើវិស័យកសិកម្មសំខាន់់ មាន លក្ខខណ្ឌអនុគ្រោះជាច្រើនដល់វិស័យកសិកម្មមានដូចជា៖ -សណ្ឋានដីៈ មានលក្ខណៈអនុគ្រោះដល់វិស័យនេះពោលគឺសម្បូរទៅដោយវាលទំនាប​ និងខ្ពង់រាបទាបៗប្រកបដោយ ជីជាតិល្អ សម្រាប់ដាំដុះ ការចិញ្ចឹមសត្វ និងព្រៃឈើ -កម្ពុជាស្ថិតក្នុងតំបន់ត្រូពិចដែលមានអាកាសធាតុក្ដៅ ហើយសើមទទួលខ្យល់មូលសុង -ប្រទេសកម្ពុជាសម្បូរទឹក ផ្លូវទឹក ដល់ការដាំដុះ ចិញ្ចឹមសត្វ នេសាទ -វិស័យនេះបានផ្ដល់ការងារដល់ប្រជាជន -កាត់បន្ថយអត្រាអត់ការងារធ្វើ -ជាប្រភពនៃស្បៀងអាហារសម្រាប់ប្រជាជន។ ខ. គេចែកកសិករទាំងនោះជា ៤ ប្រភេទដូចជា៖ -កសិករដាំស្រូវ -កសិករធ្វើស្រែ -កសិករតំបន់ខ្ពស់ -កសិករភូមិភាគឥសាន្ត។,15,19,4,1.2666666666666666,0.63623046875,3,10,1,9
87,តើឧស្សាហកម្មមានតួនាទីដូចម្ដេចខ្លះចំពោះសេដ្ឋកិច្ចជាតិ?,ឧស្សាហកម្មមាន​តួនាទីចំពោះសេដ្ឋកិច្ចជាតិដូចជា ៖ ​ _ ជួយបង្កើតថវិការជាតិ ​ _ ជួយបង្កើតទិន្នផលជាតិ ​​ _ ជួយឲ្យសេដ្ឋកិច្ចជាតិរីកចម្រើន  _ ប្រជាជនសំបូរធូរធារ  _អភិវឌ្ឍគ្រប់វិស័យ  _ មានទំនាក់ទំនងល្អជាមួយអ្នកជិតខាង  _ មានភាពរុងរឿងនៅក្នុងប្រទេសជាតិ។,កសិករចែកចេញជា ៤ ប្រភេទ៖  • កសិករមិនទាន់ជឿនលឿន៖ ជាកសិករដែលមិនធ្វើដំណាំស្រូវតែធ្វើដំណាំផ្សេងៗទៀត  • កសិករធ្វើដំណាំស្រូវ៖ ជាកសិករដែលធ្វើដំណាំស្រូវតែមួយមុខគត់  • កសិករចិញ្ចឹមសត្វ៖ ជាកសិករដែលចិញ្ចឹមសត្វសម្រាប់បម្រើជីវភាពប្រចាំថ្ងៃ  • កសិករធ្វើចម្រុះមុខ៖ ជាកសិករដែលដាំដំណាំស្រូវផង ដាំដំណាំផ្សេងៗ និងចិញ្ចឹមសត្វផងដែរ។,15,15,4,1.0,0.86669921875,3,13,1,2
88,ចូររៀបរាប់អំពីទំនាក់ទំនងរវាងការដាំដុះអាជីវកម្មព្រៃឈើនិងនេសាទ។,ទំនាក់ទំនងរវាង ការដាំដុះអាជីវកម្មព្រៃឈើ និងការនេសាទ៖  _ ការដាំដុះអាជីវកម្មព្រៃឈើ និងការនេសាទ ជាភោគទ្រព្យយ៉ាងសំខាន់សម្រាប់ប្រជាជនក្នុងការទ្រទ្រង់ក្នុងជីវភាពរស់នៅនិងការអភិវឌ្ឍន៍ប្រទេសជាតិ   _ ដើម្បីបំពេញតម្រូវការក្នុងកសិកម្មផលិតកម្មនិងត្រូវការផ្សេងៗ មនុស្សនាំគ្នាកាប់ព្រៃឈើដើម្បីធ្វើអាជីវកម្មព្រៃឈើជាមូលហេតុធ្វើឲ្យអាកាសធាតុប្រែប្រួលប៉ះពាល់ដល់ជីវិតមនុស្ស សត្វ និងរុក្ខជាតិ  ​ _ អតិផលនៃប្រព័ន្ធកសិកម្ម នាំឲ្យមានកំណើននៃការប្រើប្រាស់គីមីនិងថ្នាំសម្លាប់សត្វល្អិត។ ជីគីមី និងថ្នាំសម្លាប់សត្វល្អិត ទាំងនោះហូរទៅផ្ដុំគ្នានៅតាមផ្លូវទឹកនានា បំផ្លាញជីវិតសត្វនិងពូជធម្មជាតិ។,ទំនាក់ទំនងរវាង ការដាំដុះអាជីវកម្មព្រៃឈើ និងការនេសាទ៖  _ ការដាំដុះអាជីវកម្មព្រៃឈើ និងការនេសាទ ជាភោគទ្រព្យសំខាន់សម្រាប់ប្រជាជនក្នុងការទ្រទ្រង់ក្នុងជីវភាពរស់នៅនិងការអភិវឌ្ឍន៍ប្រទេសជាតិ   _ ដើម្បីបំពេញតម្រូវការក្នុងផលិតកម្មនិងតម្រូវការផ្សេងៗ មនុស្សនាំគ្នាកាប់ព្រៃឈើធ្វើអាជីវកម្មព្រៃឈើដែលជាហេតុធ្វើឲ្យអាកាសធាតុប្រែប្រួលប៉ះពាល់ដល់ជីវិតមនុស្ស សត្វ និងរុក្ខជាតិ  ​ _ អតិផលនៃប្រព័ន្ធផលិតកម្ម កសិកម្ម នាំឲ្យមានកំណើននៃការប្រើប្រាស់នូវគីមីនិងថ្នាំសម្លាប់សត្វល្អិត។ ជីគីមី និងថ្នាំសម្លាប់សត្វល្អិត ទាំងនោះហូរទៅផ្ដុំគ្នានៅតាមផ្លូវទឹកនានាហើយបំផ្លាញជីវិតមនុស្ស សត្វនិងពូជមច្ឆជាតិ។,15,15,4,1.0,0.55224609375,2,8,2,7
89,ហេតុអ្វីបានជាមនុស្សស្រូបយកខ្យល់ដែលមានកាបូនម៉ណូអុកស៊ីតអាចបង្កគ្រោះថ្នាក់ដល់ស្លាប់បាន?,បានជាមនុស្សស្រូបយកខ្យល់ដែលមានកាបូនម៉ូណូអុកស៊ីដអាចបង្កឲ្យមានគ្រោះថ្នាក់ដល់ស្លាប់ បានព្រោះកាបូនម៉ូណូអុកស៊ីដមានសមត្ថភាពចាប់យក ក្នុងឈាមបានខ្លាំងជាងអុកស៊ីសែន វារារាំងឈាមមិនឲ្យដឹកនាំអុកស៊ីសែនទៅចិញ្ចឹមសរីរាង្គជាពិសេសខួរក្បាលដែលបណ្តាលឲ្យ ស្លាប់និង សន្លប់ ។,បានជាមនុស្សស្រូបយកខ្យល់ដែលមានកាបូនម៉ូណូអុកស៊ីដអាចបង្កឲ្យមានគ្រោះថ្នាក់ដល់ស្លាប់ បានព្រោះកាបូនម៉ូណូអុកស៊ីដមានសមត្ថភាពចាប់យក ក្នុងឈាមបានខ្លាំងជាងអុកស៊ីសែន វារារាំងឈាមមិនឲ្យដឹកនាំអុកស៊ីសែនទៅចិញ្ចឹមសរីរាង្គជាពិសេសខួរក្បាលដែលបណ្តាលឲ្យ ស្លាប់និង សន្លប់ ។,5,5,4,1.0,0.9169921875,4,5,0,0
90,ហេតុអ្វីបានជាមនុស្សស្រូបយកខ្យល់ដែលមានកាបូនម៉ណូអុកស៊ីតអាចបង្កគ្រោះថ្នាក់ដល់ស្លាប់បាន?,បានជាមនុស្សស្រូបយកខ្យល់ដែលមានកាបូនម៉ូណូអុកស៊ីដអាចបង្កឲ្យមានគ្រោះថ្នាក់ដល់ស្លាប់ បានព្រោះកាបូនម៉ូណូអុកស៊ីដមានសមត្ថភាពចាប់យក ក្នុងឈាមបានខ្លាំងជាងអុកស៊ីសែន វារារាំងឈាមមិនឲ្យដឹកនាំអុកស៊ីសែនទៅចិញ្ចឹមសរីរាង្គជាពិសេសខួរក្បាលដែលបណ្តាលឲ្យ ស្លាប់និង សន្លប់ ។,បានជាមនុស្សស្រូបយកខ្យល់ដែលមានកាបូនម៉ូណូអុកស៊ីដអាចបង្កឲ្យមានគ្រោះថ្នាក់ដល់ស្លាប់បាន ព្រោះកាបូនម៉ូណូអុកស៊ីដមានសមត្ថភាពចាប់យក ក្នុងឈាមបានខ្លាំងជាងអុកស៊ីសែនវារារាំង ឈាមមិនឲ្យដឹកនាំអុកស៊ីសែនទៅចិញ្ចឹមសរីរាង្គជាពិសេសខួរក្បាលដែលបណ្តាលឲ្យស្លាប់និង សន្លប់ ។,5,4,3,0.8,0.90380859375,4,5,1,1
91,តើគេចែកប្រូទីសជាប៉ុន្មានក្រុម?អ្វីខ្លះ?,ប្រូទីសសត្វចែកជា 4 ក្រុមតាមរបៀបរស់នៅនឹងផ្លាស់ទីរបស់វា  +ប្រូតូសូអ៊ែផ្លាស់ទីដោយជើងបញ្ឆោត: អាមីប +ប្រូតូសូអ៊ែផ្លាស់ទីដោយផ្លាសែល : សាឌីយ៉ា +ប្រូតូសូអ៊ែបន្តពូជតាមរយ:ស្ប៉ :ស្ប៉រ៉ូសូអ៊ែ។,គេចែកប្រូទីសសត្វជា 4ប្រភេទគឺ-ប្រូទីសផ្លាស់ទីដោយជើងបញ្ឆោត : អាមីប-ប្រូទីស ផ្លាស់ទីដោយរោមញ័រ : ប៉ារ៉ាមេសុី-ប្រូទីសផ្លាស់ទីដោយ ប្លាសែល-ប្រូទីសផ្លាស់ទីដោយ ស្ប៉។,8,3,2,0.375,0.65234375,3,5,1,2
92,តើការស្ថិតនៅក្រៅសារពាង្គកាយនៃពងស្វាសមានសារៈសំខាន់ដូចម្តេច?,ការស្ថិតនៅក្រោមសារពាង្គកាយនៃពងស្វាសមានសារៈសំខាន់ដូចជាដើម្បីរក្សាសីតុណ្ហភាពឲ្យ ទាបជាងសីតុណ្ហភាពក្នុងខ្លួន ប្រហែលពី(2-3)សីតុណ្ហភាពក្នុងខ្លួន37 ។,ការស្ថិតនៅក្រោមសារពាង្គកាយនៃពងស្វាសមានសារៈសំខាន់ដូចជាដើម្បីរក្សាសីតុណ្ហភាពឲ្យ ទាបជាងសីតុណ្ហភាពក្នុងខ្លួន ប្រហែលពី(2-3)ដែលជាលក្ខខណ្ឌចាំបាច់សម្រាប់ការផលិត មេជីវិតឈ្មោល ។,10,8,3,0.8,0.93017578125,4,9,1,1
93,ចូររៀបរាប់ពីទំនាក់ទំនងរវាងការដាំដុះ​ អាជីវកម្មព្រៃឈើ និងការនេសាទ។,ទំនាក់ទំនងរវាងការដាំដុះ អាជីវកម្មព្រៃឈើ និងការនេសាទមានដូចជា៖ -ការដាំដុះដោយប្រើជីធម្មជាតិ -ការប្រើប្រាស់ជីគីមី -ដាំដុះនិងធ្វើតាមរដូវ -អាជីវកម្មព្រៃឈើ -ការកាប់បំផ្លាញព្រៃឈើ -ការដុតព្រៃឈើ -ការកាប់ឈើយកទៅធ្វើអាជីវកម្ម +ការនេសាទ -ការនេសាទត្រីពេលត្រីពក -ការនេសាទដោយប្រើអគ្គិសនី -ការនេសាទហួសកម្រិត -ការនេសាទគឺជាមុខរបរប្រចាំថ្ងៃាបស់ប្រជាជន -នឹងជាអាហារប្រចាំថ្ងៃរបស់ប្រជាជន -ការនេសាទធ្វើប្រជាជនមានមុខរបររកស៊ីត្រឹមត្រូវ -ការនេសាទប្រើប្រាស់ឧបករណ៍នេសាទខុសច្បាប់ -ការបំផ្លាញជំរកត្រី -ការបកហូរទឹកចេញពី,រៀបរាប់ពីទំនាក់ទំនងរវាងការដាំដុះ អាជីវកម្មព្រៃឈើ និងការនេសាទ៖ -ការដាំដុះជាការនាំគ្នាដាំរុក្ខាទ្ធវាឡើងវិញសម្រាប់ការប្រមូលផលក៍ ដូចជាសម្រាប់ការធ្វើជាទីផ្សារ និងការដាំដំណាំហូបផ្លែគ្រប់ប្រភេទ  ដែលមានភាពងាយស្រួលក្នុងការនាំយកទៅលក់នៅទីផ្សារខាងក្នុងប្រទេស និងក្រៅប្រទេស។ -អាជីវកម្មព្រៃឈើគឺជាការកាប់ដើមឈើធំៗធ្វើជាគ្រឿងសំណង់ គ្រឿងសង្ហារឹម  ដើម្បីលក់ និងមានការបង្កើតជាគ្រឿងផ្សេង ដែលអាចបង្កើតជា ប្រាក់បានសម្រាប់ផ្គត់ផ្គង់ក្នុងជីវភាពគ្រួសារប្រចាំថ្ងៃ។ -ការនេសាទមានការនេសាទដោយខុសច្បាស់ និងស្របច្បាប់​ នេសាទខុសច្បាប់ជា ការនេសាទដោយប្រើឧបករណ៍ទំនើបបែបវិទ្យាសាស្ត្រ ដែលរងផលប៉ះពាល់យ៉ាងធ្ងន់ធ្ងរដល់ ពួកមច្ឆារជាតិ ដែលធ្វើដាច់ពូជពិសេសនៅរដូវត្រីពង រដ្ឋាភិបាលបាននិយាយថាមិនឲ្យមាន ការនេសាទនៅរដូវត្រីពងជាដាច់ខាត ព្រោះអាំចនាំឲ្យផុតពូជនៃមច្ឆាជាតិ។ ការនេសាទស្របច្បាប់ គឺជាដោយសមល្មមទៅនិងតម្រូវការប្រចាំថ្ងៃ មានឧបករណ៍សាមញ្ញ និងដឹងពីច្បាប់ទម្លាប់នៅក្នុង ការនេសាទដោយដឹងនូវរដូវត្រីពងមិនទៅនេសាទទើបធ្វើឲ្យមានច្បាប់គោរពច្បាប់មិនបំពានទៅលើច្បាប់។ កាលដាំដុះទាំងអាជីវកម្មព្រៃឈើនិងការនេសាទសុទ្ធតែមានទំនាក់ទំនងទៅលើការអនុវត្តតែមួយដែលមាន ភាពឆ្ពោះទៅរកគោលដៅដែលអាចជាចំណូលសម្រាប់ខ្លួនឯងសេដ្ឋកិច្ចជាតិទាំងមូល,15,5,1,0.3333333333333333,0.56494140625,2,8,1,3
94,ចូរនិយាយពីកំណកាម៉ែតញី។,ការស្ថិតនៅក្រោមសារពាង្គកាយនៃពងស្វាសមានសារៈសំខាន់ដូចជាដើម្បីរក្សាសីតុណ្ហភាពឲ្យ ទាបជាងសីតុណ្ហភាពក្នុងខ្លួន ប្រហែលពី(2-3)សីតុណ្ហភាពក្នុងខ្លួន37 ។,កំណកាម៉ែនញី ដំបូងកោសិកាពូជមួយរកចម្ងាយពីរដងទម្លាប់គ្នាបានកោសិកាអូវ៉ូកូនី4 ។អូវុលរីក មាឌក្លាយជាអូវូស៊ីត1 ។អូវ៉ូស៊ីតមួយរងចំណែកមួយនៃមេយ៉ូសហើយត្រូវបានជាប់គាំងនៅចុង វគ្គមួយ ។,10,5,2,0.5,0.4970703125,2,5,0,0
95,តើឧស្សាហកម្មមានតួនាទីដូចម្ដេចខ្លះចំពោះសេដ្ឋកិច្ចជាតិ?,ឧស្សាហកម្មមាន​តួនាទីចំពោះសេដ្ឋកិច្ចជាតិដូចជា ៖ ​ _ ជួយបង្កើតថវិការជាតិ ​ _ ជួយបង្កើតទិន្នផលជាតិ ​​ _ ជួយឲ្យសេដ្ឋកិច្ចជាតិរីកចម្រើន  _ ប្រជាជនសំបូរធូរធារ  _អភិវឌ្ឍគ្រប់វិស័យ  _ មានទំនាក់ទំនងល្អជាមួយអ្នកជិតខាង  _ មានភាពរុងរឿងនៅក្នុងប្រទេសជាតិ។,ឧស្សាហកម្មមានតួនាទីចំពោះសេដ្ឋកិច្ចជាតិដូចជា៖  _ រកចំណូលចូលជាតិប្រមាណ 34.4%  _ ប្រជាជនមានការងារធ្វើ  _ កាត់បន្ថយភាពក្រីក្ររបស់ប្រជាជន  _ ធ្វើឲ្យប្រទេសជាតិមានការរីកចម្រើន  _ ប្រជាជនមានចំណូលចូលក្នុងគ្រួសារ  _ ធ្វើឲ្យប្រទេសជាតិមានការរីកចម្រើន និងឱ្យប្រទេសជាតិមានមុខមាត់លើឆាកអន្តរជាតិ។,15,15,4,1.0,0.89404296875,4,13,0,2
96,តើសេដ្ឋកិច្ចកម្ពុជាពឹងផ្អែកលើវិស័យអ្វីជាសំខាន់?     ក/ ហេតុអ្វីបានជាគេនិយាយថាកម្ពុជាជាប្រទេសកសិកម្ម?     ខ/ តើគេចែកកសិករជាប៉ុន្មានប្រភេទ?អ្វីខ្លះ?,សេដ្ឋកិច្ចកម្ពុជាពឹងផ្អែកលើវិស័យកសិកម្មជាសំខាន់។   ក/ បានជាគេនិយាយថាកម្ពុជាជាប្រទេសឧស្សាហកម្មព្រោះ៖  _  សណ្ឋានដី : ដីមានជីវជាតិល្អនិងសម្បូរទំនាបល្បាប់   _ ផ្លូវទឹក : ផ្លូវទឹកខ្វាត់ខ្វែងងាយស្រួលដល់ការដាំដុះ  _ ប្រជាជន : ប្រជាជនខ្មែរភាគច្រើនចូលចិត្តធ្វើកសិកម្ម  _ អាកាសធាតុ : ទទួលអាកាសធាតុក្តៅសើម  _ កសិកម្មផ្តល់ផល50%នៃផលិតផលជាតិសរុប។  ខ/ គេចែកកសិករទាំងនោះជា4ប្រភេទគឺ៖  _ កសិករធ្វើស្រែឬអ្នកស្រែ : និយមធ្វើស្រែ ស្រូវប្រាំង ស្រូវវស្សា ស្រូវឡើងទឹក  _ កសិករតំបន់ដីខ្ពស់ : គេដាំដំណាំជាអចិន្ត្រៃយ៍(ពោត ដំឡូង ចេក កៅស៊ូសណ្តែក)  _ កសិករធ្វើចម្ការដំណាំស្រូវ : គេដាំដំណាំតាមមាត់ទន្លេ ចិញ្ចឹមសត្វនិងនេសាទ  _ កសិករភូមិភាគឦសាន: គេធ្វើដំណាំព្រៃដុតមានដូចជាពោត ដំឡូង ស្រូវរុក្ខជាតិយកមើមដទៃទៀត និងបរបាញ់សត្វផងដែរ។,សេដ្ឋកិច្ចកម្ពុជាពឹងផ្អែកលើវិស័យកសិកម្មជាសំខាន់ដោយសារ៖  _ វិស័យកសិកម្មគឺជាការដាំដុះស្រូវដើម្បីឲ្យមានអង្ករបរិភោគប្រចាំខែ  _ ដូចជាបន្លែផ្លែឈើក៏ដោយសុទ្ធតែអ្នកកសិកម្មដាំដុះយកទៅលក់ដុំឲ្យប្រជាជនគ្រប់បានបរិភោគ  _ កសិកម្មផ្ដល់នូវផលប្រយោជន៍ជាច្រើនសម្រាប់ទូទាំងប្រទេសជាតិ  ក/ បានជាគេនិយាយថាកម្ពុជាប្រទេសកសិកម្មដោយប្រទេសកម្ពុជាយើងយកកសិកម្មជាធំព្រោះវាជាមុខងារដ៏សំខាន់សម្រាប់ប្រជាជនគ្រប់រូប ការធ្វើកសិកម្មធ្វើឲ្យប្រជាជនមានការងារធ្វើ មានមុខរបរដោយខ្លួនឯងអាចរកប្រាក់ចំណូលប្រចាំថ្ងៃ។  ខ/ គេចែកកសិករទាំងនោះជា3ប្រភេទ៖    _ កសិករដីទាបគឺដាំដំណាំនៅចម្ការដី    _ កសិករដីខ្ពស់គឺការធ្វើស្រែចម្ការនៅលើភ្នំ    _ កសិករមិនធ្វើស្រែចម្ការ។,20,11,2,0.55,0.57373046875,2,11,0,0
97,តើដំណាក់កាលទាំងពីរនៃវដ្ដជីវីតរបស់រុក្ខជាតិមានអ្វីខ្លះ? ចូររៀបរាប់។,ដំណាក់កាល ទាំងពីរនៃវដ្ដជីវិតរបស់រុក្ខជាតិមាន  - ដំណាក់កាលស្ប៉រ៉ូភីត គឺជារុក្ខជាតិផលិតស្ប៉។ វាជាកោសិកាតូចៗដែលអាចលូតលាស់ជាសារពាង្គកាយថ្មី  -ស្ប៉លូតលាស់ក្នុងដំណាក់កាលផ្សេងទៀតនៃរុក្ខជាតិ ហៅថាកាម៉ែតូភីត។ ក្នុងដំណាក់កាលនៃរុក្ខជាតិផលិតកោសិកាភេទពីរបែប គឺកាម៉ែតឈ្មោល និងកាម៉ែតញី ។ កាម៉ែតញី និង កាម៉ែតឈ្មោលលាយចូលគ្នា បង្កើតបានជាសុីកូត។ បន្ទាប់មកទៀត សុីកូតលូតលាស់ទៅជាស្ប៉រ៉ូភីត។ស្ប៉រ៉ូភីតផលិតស្ប៉លូតលាស់ក្នុងកាម៉ែតូភីត កាម៉ែតូភីតផលិតកាម៉ែតញី និងកាម៉ែតឈ្មោល ហើយវដ្ដផ្ដើមសារជាថ្មី។,រុក្ខជាតិមានវដ្ដជីវិតសាំញុំរួមមាន២ ដំណាក់កាលគឺ ស្ប៉រ៉ូភីត និង កាម៉ែតូភីត -ស្ប៉រ៉ូភីត គឺជា រុក្ខជាតិផលិតស្ប៉ ។ វាជាកោសិកាតូចៗដែលអាចលូតលាស់ជាសារពាង្គកាយថ្មី។ -កាម៉ែតូភីត គឺជាស្ប៉លូតលាស់ក្នុងដំណាក់កាលមួយនៃរុក្ខជាតិ។វាបង្កើតបានជាភេទ ២ គឺកាម៉ែតញី និង កាម៉ែតឈ្មោល ។,15,8,2,0.5333333333333333,0.58154296875,2,9,0,1
98,តើអាណាចក្រភ្នំមានព្រំប្រទល់ជាប់ប្រទេសណាខ្លះ?,អាណាចក្រភ្នំមានព្រំប្រទល់ជាប់ប្រទេសដូចជា -ខាងជើងជាប់ចិន -ខាងត្បូងជាឈូងសមុទ្រខ្មែរ -ខាងកើតជាប់រដ្ឋចម្ប៉ា -ខាងលិចជាប់រដ្ធមនឬភូមា។,អាណាចក្រភ្នំមានព្រំប្រទល់ខាងជើងជាប់នឹងប្រទេសចិន(រដ្ឋណានឆាវនិងតុងតឹង)ខាងកើតជាប់រដ្ឋចម្ប៉ា(ឈូងសមុទ្រចិន)និងខាងត្បូងជាប់និងឈូងសមុទ្រខ្មែរ(នគរភ្នំ)និងខាងលិចជាប់រដ្ឋមនឬភូមា។,6,6,4,1.0,0.9130859375,4,5,0,1
99,បុព្វហេតុអ្វីខ្លះដែលនាំឲ្យអាណាចក្រចេនឡាបែកបាក់ជាពីរគឺអាណាចក្រចេនឡាដីគោកនិងចេនឡាទឹកលិច?,បុព្វហេតុដែលនាំហើយអាណាចក្រចេនឡាបែកជាពីរគឺ -វិសាលភាពទឹកដីធំទូលាយ -ចម្បាំងអត់ឈប់ឈរ -សមន្ដរដ្ឋបះបោរចង់ផ្ដាច់ខ្លួន -វិបត្តិផ្ទៃក្នុង -ព្រះនាងជ័យទេវីគ្មានសមត្ថភាពគ្រប់គ្រង។,បុព្វហេតុដែលនាំហើយអាណាចក្រចេនឡាបែកជាពីរគឺ -វិសាលភាពទឹកដីធំទូលាយ -ចម្បាំងអត់ឈប់ឈរ -សមន្ដរដ្ឋបះបោរចង់ផ្ដាច់ខ្លួន -វិបត្តិផ្ទៃក្នុង -ព្រះនាងជ័យទេវីគ្មានសមត្ថភាពគ្រប់គ្រង។,7,7,4,1.0,0.91650390625,4,6,0,1
100,ចូរនិយាយពីកំណកាម៉ែតញី។,ការស្ថិតនៅក្រោមសារពាង្គកាយនៃពងស្វាសមានសារៈសំខាន់ដូចជាដើម្បីរក្សាសីតុណ្ហភាពឲ្យ ទាបជាងសីតុណ្ហភាពក្នុងខ្លួន ប្រហែលពី(2-3)សីតុណ្ហភាពក្នុងខ្លួន37 ។,កំណកាម៉ែតញីដំបូងកោសិកាពូជមួយរួមចំណែកពីរដងបន្តបន្ទាប់គ្នា បានកោសិកាអូវ៉ូកូរី4 ។ អូវ៉ូកូរីនីមួយៗរីកមាឌអាចជាអូវ៉ូស៊ីត1 ។អូវ៉ូស៊ីតមួយរងចំណែកមួយនៃមេយោធាហើយត្រូវបាន ឈប់គាំងនៅវគ្គប្រផ្ដាស1 ។ក្រោយមកពេលគ្រប់អូវ៉ូស៊ីតមួយបន្តធ្វើចំណែកហើយត្រូវបានបញ្ចប់ នៅរយៈពេល6ម៉ោងមុនដំណើរអូវ៉ុលនិងធ្លាក់មកក្រៅជាអូវ៉ូស៊ីត2 ។ប្រសិនបើជួបស្ពែម៉ាតូសូអុីត បង្កើតបានជាអូវុល ។,10,8,3,0.8,0.77783203125,3,8,0,0
101,តើគេចែកយុគសម័យបុរេប្រវត្តិសាស្ត្រកម្ពុជាជាប៉ុន្មានយុគសម័យ?អ្វីខ្លះ?,គេចែកយុគសម័យបុរេប្រវត្តិសាស្ត្រកម្ពុជាជាបីយុគសម័យគឺ -យុគថ្មបំបែក (600000 - 12000 ឆ្នាំមុនគ.ស) -យុគថ្មរលីងឬសំលៀង (8000 - 2000 ឆ្នាំមុនគ.ស) -យុគលោហៈ(2000-100 ឆ្នាំមុនគ.ស)។,គេចែកយុគសម័យបុរេប្រវត្តិសាស្ត្រកម្ពុជាជាបីយុគសម័យគឺ -យុគថ្មបំបែក -យុគថ្មរលីងឬសំលៀង -យុគលោហៈ។,5,3,2,0.6,0.62353515625,2,3,0,0
102,រៀបរាប់ពីទំនាក់ទំនងរវាងការដាំដុះអាជីវកម្មព្រៃឈើនិងនេសាទ។,ទំនាក់ទំនងរវាងការដាំដុះ អាជីវកម្មព្រៃឈើ និងការនេសាទមានដូចជា៖ -ការដាំដុះដោយប្រើជីធម្មជាតិ -ការប្រើប្រាស់ជីគីមី -ដាំដុះនិងធ្វើតាមរដូវ -អាជីវកម្មព្រៃឈើ -ការកាប់បំផ្លាញព្រៃឈើ -ការដុតព្រៃឈើ -ការកាប់ឈើយកទៅធ្វើអាជីវកម្ម +ការនេសាទ -ការនេសាទត្រីពេលត្រីពក -ការនេសាទដោយប្រើអគ្គិសនី -ការនេសាទហួសកម្រិត -ការនេសាទគឺជាមុខរបរប្រចាំថ្ងៃាបស់ប្រជាជន -នឹងជាអាហារប្រចាំថ្ងៃរបស់ប្រជាជន -ការនេសាទធ្វើប្រជាជនមានមុខរបររកស៊ីត្រឹមត្រូវ -ការនេសាទប្រើប្រាស់ឧបករណ៍នេសាទខុសច្បាប់ -ការបំផ្លាញជំរកត្រី -ការបកហូរទឹកចេញពី,ទំនាក់ទំនងរបៀបការដាំធំអាជីវកម្មព្រៃឈើនិងការនេសាទការឡើងដល់អាជីវកម្មព្រៃឈើនិងការនិស្សិតមានទំនាក់ទំនងការដាំដុលនិងការនេសាទជាភាគទ្រព្យយ៉ាងសំខាន់សម្រាប់ប្រជាជនកម្ពុជាក្នុងទ្រទ្រង់ជីវភាពរស់នៅនិងការអភិវឌ្ឍប្រទេសជាតិដើម្បីបំពេញតម្រូវការក្នុងផលិតកម្មតម្រូវការផ្សេងៗទៀតមនុស្សនាំគ្នាកាត់ព្រៃឈើដើម្បីធ្វើអាជីវកម្មនិងឲ្យអាកាសទ្រង់ប៉ះពាល់ដល់ជីវិតមនុស្សសត្វនិងរុក្ខជាតិ អតិផលនៃប្រព័ន្ធផលិតកម្មនាំឲ្យមានកំណើនដល់ការប្រើប្រាស់ថ្នាំសម្រាប់សត្វគីមី។,15,13,3,0.8666666666666667,0.5546875,2,8,1,5
103,តើអ្វីជាសង្គ្រាមត្រជាក់? តើសង្គ្រាមត្រជាក់ផ្ដល់ផលវិបាកអ្វីខ្លះដល់កម្ពុជា?,សង្គ្រាមត្រជាក់គឺជាការប្រកួតប្រជែងផ្នែកមនោគមវិទ្យារវាងសេដ្ឋកិច្ចនយោធានិងបច្ចេកវិទ្យា។សង្គ្រាមមជ្ឈមណ្ឌលផលវិបាកដល់កម្ពុជាដូចជា -ការអនុវត្តនយោបាយវិទ្យាក្រឹត្យរបស់សម្ដេចនរោត្តមសីហនុមិនចោទទិសដៅ -ប្រទេសកម្ពុជាធ្លាក់ក្នុងសង្គ្រាមស៊ីវល -ខ្មែរក្រហមឡើងកាន់អំណាច -ប្រទេសកម្ពុជាមានភាពអាណាធិបតេយ្យ -សេដ្ឋកិច្ចកម្ពុជាធ្លាក់ចុះ -ប្រទេសកម្ពុជារស់នៅដែលភាពភ័យខ្លាច -រោងចក្រឧស្សាហកម្មបិទទ្វារ -បែកបាក់សាមគ្គីផ្ទៃក្នុង,សង្គ្រាមត្រជាក់គឺជា ការប្រឈមមុខដាក់គ្នារវាងសហរដ្ឋអាមេរិក​ និងសហភាពសូវៀតដោយរបបសេរីប្រកាន់យកដោយសហរដ្ឋអាមេរិក​ និង​កុម្មុយនីសប្រកាន់ដោយសហភាពសូវៀតដោយមានការប្រកួតប្រជែងខាងផ្នែកនយោបាយ​ សេដ្ឋកិច្ច ពាណិជ្ចកម្ម។ +សង្គ្រាមត្រជាក់ផ្ដល់ផលវិបាកដល់កម្ពុជាដូចជា -សម្លាប់ប្រជាជន​អស់ជាច្រើនលាននាក់ -បន្សល់ទុកនូវស្ត្រិមេម៉ាយ ក្មេងកំព្រាចាស់ជរាគ្មានទីពឹង -ប្រជាជនព្រាត់ប្រាស់ផ្ទះសម្បែងជួបគ្រោះទុិរិ្ភក្ស -ប្រជាជនបាត់បង់ការងារធ្វើគ្មានប្រាក់ចំណូល -ទំនិញឡើងថ្លៃអតិផរណា -ខូចខាតប្រព័ន្ធធារាសាស្ត្រ ផ្លូលទឹកនិងផ្លូវដីគោក -ខូចខាតស្ពានផ្លូវថ្នល់ កំពុងផែរ ផ្លូវដែល -សេដ្ឋកិច្ចកម្ពុជាត្រូវរាំងស្ទះ -ការខូចខាតខាងផ្នែកពាណិជ្ចកម្ម -ការនាំចេញផលិតផលស្រូវ សណ្ដែក ល្ងរ ដំណាំកៅស៊ូត្រូវបានគាំងស្ទះដោយសារសង្គ្រាម -កម្ពុជាបាត់បង់កិត្តយសឈ្មោះនៅលើឆាកអន្តរជាតិ -ប្រជាជនអស់ទំនុកចិត្តល់អ្នកដឹកនាំ និងអស់សង្ឃឹមលើវេសនាជាតិខ្លួន -ធ្វើអោយការផ្លាស់ប្ដូរបយោបាយ។,10,6,2,0.6,0.8359375,3,8,1,2
104,តើកត្តាអ្វីខ្លះដែលធ្វើអោយសម័យអង្គររីកចម្រើនដល់កំពូល?​ ចូលរៀបរាប់។,កត្តាដែលធ្វើអោយសម័យអង្គររីកចម្រើនគឺ: កត្តាព្រះរាជា:ព្រះរាជាចាប់ពីព្រះបាទជ័យវរ្ម័នទី 2 រហូតដល់ព្រះបាទជ័យវរ្ម័នទី 7 សុទ្ធតែជាស្ដេចខ្លាំងពូកែ កត្តានយោបាយ: នយោបាយក្នុងប្រទេសបង្រួបបង្រួមជាតិកសាងនិងការពារទឹកដី នយោបាយក្រៅប្រទេស:ចងសម្ព័ន្ធមិត្តជាមួយប្រទេសធំៗវាយយករដ្ឋតូចដាក់ជាចំណុះ កត្តាសេដ្ឋកិច្ច:រីកចម្រើនលើវិស័យកសិកម្មសិប្បកម្មគណនាគម កត្តាសាសនា:ការឯកភាពគ្នារវាងសាសនាព្រាហ្មនិងព្រះពុទ្ធ កត្តាធនធានមនុស្សបន្សល់ទុកតាំងពីសម័យនគរភ្នំនិងចេនឡាមក។,កត្តាដែលធ្វើអោយសម័យអង្គររីកចម្រើនគឺ: .កត្តាព្រះរាជា:ព្រះរាជាចាប់ពីព្រះបាទជ័យវរ្ម័នទី 2 រហូតដល់ព្រះបាទជ័យវរ្ម័នទី 7 សុទ្ធសឹងតែជាស្ដេចខ្លាំងពូកែ .កត្តានយោបាយ: +នយោបាយក្នុងប្រទេស:បង្រួបបង្រួម​ កសាង និងការពារ។ +នយោបាយក្រៅប្រទេស:ចងសម្ព័ន្ធមិត្តជាមួយប្រទេសធំៗដូចជាចិននិងឥណ្ឌា និងវាយយករដ្ឋតូចដាក់ជាចំណុះ .កត្តាសេដ្ឋកិច្ច:ការរីកចម្រើនលើវិស័យកសិកម្ម សិប្បកម្ម គណនាគមន៍ .កត្តាសាសនា:មានការឯកភាពគ្នារវាងសាសនាព្រាហ្មនិងព្រះពុទ្ធ .កត្តាធនធានមនុស្សបន្សល់ទុកតាំងពីសម័យនគរភ្នំនិងចេនឡាមក។,10,10,4,1.0,0.9619140625,4,10,0,0
105,តើគេចែកយុគសម័យបុរេប្រវត្តិសាស្ត្រកម្ពុជាជាប៉ុន្មានយុគសម័យ?អ្វីខ្លះ?,គេចែកយុគសម័យបុរេប្រវត្តិសាស្ត្រកម្ពុជាជាបីយុគសម័យគឺ -យុគថ្មបំបែក (600000 - 12000 ឆ្នាំមុនគ.ស) -យុគថ្មរលីងឬសំលៀង (8000 - 2000 ឆ្នាំមុនគ.ស) -យុគលោហៈ(2000-100 ឆ្នាំមុនគ.ស)។,គេចែកយុគសម័យបុរេប្រវត្តិសាស្ត្រកម្ពុជាជាបីយុគសម័យគឺ -យុគថ្មបំបែក (600000 - 12000 ឆ្នាំមុនគ.ស) -យុគថ្មរលីងឬសំលៀង (8000 - 2000 ឆ្នាំមុនគ.ស) -យុគលោហៈ(2000-100 ឆ្នាំមុនគ.ស)។,5,5,4,1.0,0.96728515625,4,5,0,0
106,ចូររៀបរាប់អំពីទំនាក់ទំនងរវាងការដាំដុះអាជីវកម្មព្រៃឈើនិងនេសាទ។,ទំនាក់ទំនងរវាង ការដាំដុះអាជីវកម្មព្រៃឈើ និងការនេសាទ៖  _ ការដាំដុះអាជីវកម្មព្រៃឈើ និងការនេសាទ ជាភោគទ្រព្យយ៉ាងសំខាន់សម្រាប់ប្រជាជនក្នុងការទ្រទ្រង់ក្នុងជីវភាពរស់នៅនិងការអភិវឌ្ឍន៍ប្រទេសជាតិ   _ ដើម្បីបំពេញតម្រូវការក្នុងកសិកម្មផលិតកម្មនិងត្រូវការផ្សេងៗ មនុស្សនាំគ្នាកាប់ព្រៃឈើដើម្បីធ្វើអាជីវកម្មព្រៃឈើជាមូលហេតុធ្វើឲ្យអាកាសធាតុប្រែប្រួលប៉ះពាល់ដល់ជីវិតមនុស្ស សត្វ និងរុក្ខជាតិ  ​ _ អតិផលនៃប្រព័ន្ធកសិកម្ម នាំឲ្យមានកំណើននៃការប្រើប្រាស់គីមីនិងថ្នាំសម្លាប់សត្វល្អិត។ ជីគីមី និងថ្នាំសម្លាប់សត្វល្អិត ទាំងនោះហូរទៅផ្ដុំគ្នានៅតាមផ្លូវទឹកនានា បំផ្លាញជីវិតសត្វនិងពូជធម្មជាតិ។,រៀបរាប់ពីទំនាក់ទំនងរវាងការដាំដុះ ការចិញ្ចឹមសត្វ និងការនេសាទ៖,15,0,0,0.0,0.52197265625,2,8,2,8
107,ចូររៀបរាប់អំពីទំនាក់ទំនងរវាងការដាំដុះអាជីវកម្មព្រៃឈើនិងនេសាទ។,ទំនាក់ទំនងរវាង ការដាំដុះអាជីវកម្មព្រៃឈើ និងការនេសាទ៖  _ ការដាំដុះអាជីវកម្មព្រៃឈើ និងការនេសាទ ជាភោគទ្រព្យយ៉ាងសំខាន់សម្រាប់ប្រជាជនក្នុងការទ្រទ្រង់ក្នុងជីវភាពរស់នៅនិងការអភិវឌ្ឍន៍ប្រទេសជាតិ   _ ដើម្បីបំពេញតម្រូវការក្នុងកសិកម្មផលិតកម្មនិងត្រូវការផ្សេងៗ មនុស្សនាំគ្នាកាប់ព្រៃឈើដើម្បីធ្វើអាជីវកម្មព្រៃឈើជាមូលហេតុធ្វើឲ្យអាកាសធាតុប្រែប្រួលប៉ះពាល់ដល់ជីវិតមនុស្ស សត្វ និងរុក្ខជាតិ  ​ _ អតិផលនៃប្រព័ន្ធកសិកម្ម នាំឲ្យមានកំណើននៃការប្រើប្រាស់គីមីនិងថ្នាំសម្លាប់សត្វល្អិត។ ជីគីមី និងថ្នាំសម្លាប់សត្វល្អិត ទាំងនោះហូរទៅផ្ដុំគ្នានៅតាមផ្លូវទឹកនានា បំផ្លាញជីវិតសត្វនិងពូជធម្មជាតិ។,ទំនាក់ទំនងរវាងការដាំដុះ អាជីវកម្មព្រៃឈើ និងការនេសាទ៖ +ការដាំដុះ   _ ត្រូវការដីដាំដុះ ត្រូវកាប់ព្រៃឈើដើម្បីយកដីដាំដុះ   _ ត្រូវការប្រើប្រាស់ជីគីមីសម្លាប់សត្វល្អិត   _ ដីត្រូវខូចគុណភាព + អាជីវកម្មព្រៃឈើ   _ កើនឡើងនូវកំដៅសកល   _ ជួបគ្រោះរាំងស្ងួតទឹកជំនន់   _ គ្រោះទុរ្ភិក្ស   _ បំពុលបរិយាកាសដោយឧស្ម័នកាបូនិចដោយសារគ្មានព្រៃឈើសម្រាប់ស្រូបយកសារជាតិពុល   _ បាត់បង់ជម្រកសត្វព្រៃជាដើម។ + ការនេសាទ   _ ការបំពុលទឹកដោយផ្សែង(ការណូត និងគ្រឿងម៉ាស៊ីនជាច្រើន)   _ ត្រីធម្មជាតិមានការអន់ថយ   _ មិនត្រូវនេសាទនៅរដូវត្រីពង   _ មិនត្រូវនេសាទដោយប្រើការឆក់   _ នេសាទតាមបែបធម្មជាតិមិនត្រូវប្រើឧបករណ៍ខុសច្បាប់   _រដ្ឋាភិបាលគួរពិនិត្យលើការនេសាទ។,15,5,1,0.3333333333333333,0.65087890625,3,10,2,5
108,ចូររៀបរាប់អំពីទំនាក់ទំនងរវាងការដាំដុះអាជីវកម្មព្រៃឈើនិងនេសាទ។,ទំនាក់ទំនងរវាង ការដាំដុះអាជីវកម្មព្រៃឈើ និងការនេសាទ៖  _ ការដាំដុះអាជីវកម្មព្រៃឈើ និងការនេសាទ ជាភោគទ្រព្យយ៉ាងសំខាន់សម្រាប់ប្រជាជនក្នុងការទ្រទ្រង់ក្នុងជីវភាពរស់នៅនិងការអភិវឌ្ឍន៍ប្រទេសជាតិ   _ ដើម្បីបំពេញតម្រូវការក្នុងកសិកម្មផលិតកម្មនិងត្រូវការផ្សេងៗ មនុស្សនាំគ្នាកាប់ព្រៃឈើដើម្បីធ្វើអាជីវកម្មព្រៃឈើជាមូលហេតុធ្វើឲ្យអាកាសធាតុប្រែប្រួលប៉ះពាល់ដល់ជីវិតមនុស្ស សត្វ និងរុក្ខជាតិ  ​ _ អតិផលនៃប្រព័ន្ធកសិកម្ម នាំឲ្យមានកំណើននៃការប្រើប្រាស់គីមីនិងថ្នាំសម្លាប់សត្វល្អិត។ ជីគីមី និងថ្នាំសម្លាប់សត្វល្អិត ទាំងនោះហូរទៅផ្ដុំគ្នានៅតាមផ្លូវទឹកនានា បំផ្លាញជីវិតសត្វនិងពូជធម្មជាតិ។,"ទំនាក់ទំនងរវាងការដាំដុះ អាជីវកម្មព្រៃឈើ និងការនេសាទ៖ + ការដាំដុះ៖   _ ការធ្វើស្រែ ឬស្រូវប្រដេញទឹក   _ ការដាំដំណាំ (ពោត, ដំឡូងមី, កៅស៊ូ និងថ្នាំជក់)   _ ការចិញ្ចឹមសត្វ (ការចិញ្ចឹមគោ មាន់ ជ្រូក ត្រី មាន់)   _ ការធ្វើចម្ការ (ត្រូវធ្វើនៅតាមតំបន់ខ្ពង់រាប ឬតំបន់ទំនាប) + អាជីវកម្មព្រៃឈើ៖   _ ការកាប់ឈើយកទៅធ្វើជាគ្រឿងសង្ហារឹម   _ ការអាជីវកម្មព្រៃឈើ និងការកាប់ឈើហួសប្រមាណ   _ ការប្រមូលផលព្រៃឈើយកទៅលក់នៅបរទេស   _ ការធ្វើកសិកម្មព្រៃដុតដើម្បីយកដីធ្វើកសិកម្ម ឬការដាំដុះ   _ ការកាប់ឈើមានតម្លៃយកទៅលក់នៅក្រៅ + ការនេសាទ៖   _ ការនេសាទត្រីដោយទំនើប និងបែបបុរាណ   _ ការនេសាទលើសកម្រិតឱ្យបាត់បង់ត្រីច្រើន   _ ការនេសាទដោយប្រើអគ្គីសនីឬការឆក់   _ ការនេសាទដោយមានកម្រិត មិនត្រូវនេសាទនៅរដូវត្រីពង   _ ការនេសាទបែបបច្ចេកទេស។",15,5,1,0.3333333333333333,0.58837890625,2,9,1,4
109,តើផ្សិតមានរូបរាងខុសៗគ្នាអាស្រ័យនឹងអ្វី? ស្រូបសារធាតុចិញ្ចឹមតាមរយៈអ្វី?,ផ្សិតមានរូបរាងខុសៗគ្នាអាស្រ័យនឹងការតម្រៀបអុីបរបស់វា។ផ្សិតស្រូបសារធាតុចិញ្ចឹមតាមរយ:អុីបដែលដុះចូលទៅក្នុងប្រភពអាហារ។,ផ្សិតមានរូបរាងខុសៗ គ្នាអាស្រ័យទៅនឹងការតម្រៀបអុីបរបស់វា។ផ្សិតស្រូបយកសារធាតុចិញ្ចឹមតាមរយ:អុីបក្រោមដិទៅក្នុងបំពង់អាហារ។,10,3,1,0.3,0.66845703125,3,7,2,4
110,ហេតុអ្វីបានជាមនុស្សស្រូបយកខ្យល់ដែលមានកាបូនម៉ណូអុកស៊ីតអាចបង្កគ្រោះថ្នាក់ដល់ស្លាប់បាន?,បានជាមនុស្សស្រូបយកខ្យល់ដែលមានកាបូនម៉ូណូអុកស៊ីដអាចបង្កឲ្យមានគ្រោះថ្នាក់ដល់ស្លាប់ បានព្រោះកាបូនម៉ូណូអុកស៊ីដមានសមត្ថភាពចាប់យក ក្នុងឈាមបានខ្លាំងជាងអុកស៊ីសែន វារារាំងឈាមមិនឲ្យដឹកនាំអុកស៊ីសែនទៅចិញ្ចឹមសរីរាង្គជាពិសេសខួរក្បាលដែលបណ្តាលឲ្យ ស្លាប់និង សន្លប់ ។,បានជាមនុស្សស្រូបយកខ្យល់ដែលមានកាបូនម៉ូណូអុកស៊ីដអាចបង្កគ្រោះថ្នាក់ដល់ស្លាប់បានព្រោះ អុកស៊ីតដែលមនុស្សត្រូវការ ឧស្ម័នកាបូនិចនិងទឹក ទើបអាចរស់បាន ។,5,2,2,0.4,0.78173828125,3,4,1,2
111,តើមូលហេតុអ្វីបានជាព្រះបាទពញាយ៉ាត ជ្រើសរើសយកចតុមុខធ្វើជារាជធានី?,បានជាព្រះបាទពញាយ៉ាតជ្រើសរើសក្រុងចតុមុខជារាជធានីព្រោះ មានទីតាំងភូមិសាស្ត្រល្អ គេចពីសត្រូវឈ្លានពានសៀម ដីមានជីវជាតិងាយស្រួលក្នុងការធ្វើកសិកម្ម ជាទីប្រសព្វនៃជំនួសទាំងផ្លូវគោកនិងផ្លូវទឹក សម្បូរផ្លូវក្នុងការធ្វើកសិកម្មនិងជំនួញ ភាពខាងត្បូងដីមានប្រជាជនច្រើននិងធនធានដើម្បីកសាងសេដ្ឋកិច្ចជាតិ។,បានជាព្រះបាទពញាយ៉ាតជ្រើសរើសយកចតុមុខធ្វើជារាជធានីព្រោះ ទីតាំងភូមិសាស្ត្រជាតំបន់ខ្ពង់រាបនិងមិនសូវមានទឹកលិច មានទន្លេមុខបួនប្រសព្វគ្នាទន្លេមេគង្គលើមេគង្គក្រោមទន្លេសាបនិងទន្លេបាសាក់ងាយស្រួលធ្វើនាវាចក្រររ និងការពារ មានចំណុចកណ្ដាលប្រទេសងាយស្រួលគ្រប់គ្រងនិងប្រមូលផលកសិកម្ម ដើម្បីចៀសវាងពីការ វាយរបស់សៀមដែលតែងតែវាយលុកពីទិសខាងលិច។,10,9,4,0.9,0.91455078125,4,9,0,0
112,តើថ្ងៃរំដោះ៧មករា១៩៧៩ មានអត្ថន័យយ៉ាងណាខ្លះចំពោះប្រវត្តិសាស្ត្រកម្ពុជា?,ជាថ្ងៃដែលប្រជាជនខ្មែររួចផុតពីសង្គ្រាមនិងការសម្លាប់ -ជាថ្ងៃដែលប្រជាជនខ្មែរស្គាល់ច្បាប់ពីតម្លៃនៃសន្តិភាព -ជាថ្ងៃដែលប្រជាជនខ្មែរស្គាល់ច្បាប់ពីតម្លៃនៃសន្តិភាព -ប្រទេសកម្ពុជាទទួលបានអធិបតេយ្យភាពនិងបូរណាភាពទឹកដី -ប្រទេសកម្ពុជាទទួលបានឯករាជ្យ -ប្រទេសកម្ពុជាអាចអភិវឌ្ឍន៍ប្រទេសជាតិរបស់ខ្លួន -ប្រទេសកម្ពុជាអាចឈរស្មើមុខមាត់លើឆាកអន្តរជាតិ -ប្រទេសកម្ពុជាកសាងនិងស្ដាយប្រទេសជាតិខ្លួនឯងឡើងវិញ -ប្រទេសកម្ពុជាអាចធ្វើទំនាក់ទំនងជាមួយបណ្ដាប្រទេសនានា.,ជាថ្ងៃដែលប្រជាជនខ្មែររួចផុតពីសង្គ្រាមនិងការសម្លាប់ -ជាថ្ងៃដែលប្រជាជនខ្មែរស្គាល់ច្បាប់ពីតម្លៃនៃសន្តិភាព -ជាថ្ងៃដែលប្រជាជនខ្មែរស្គាល់ច្បាប់ពីតម្លៃនៃសន្តិភាព -ប្រទេសកម្ពុជាទទួលបានអធិបតេយ្យភាពនិងបូរណាភាពទឹកដី -ប្រទេសកម្ពុជាទទួលបានឯករាជ្យ -ប្រទេសកម្ពុជាអាចអភិវឌ្ឍន៍ប្រទេសជាតិរបស់ខ្លួន -ប្រទេសកម្ពុជាអាចឈរស្មើមុខមាត់លើឆាកអន្តរជាតិ -ប្រទេសកម្ពុជាកសាងនិងស្ដាយប្រទេសជាតិខ្លួនឯងឡើងវិញ -ប្រទេសកម្ពុជាអាចធ្វើទំនាក់ទំនងជាមួយបណ្ដាប្រទេសនានា.,8,8,4,1.0,0.89404296875,4,7,0,1
113,ចូរប្រៀបធៀបលក្ខណៈខុសគ្នានៃផ្សិត និងរុក្ខជាតិ។,លក្ខណៈខុសគ្នានៃផ្សិតនិងរុក្ខជាតិ +ផ្សិត  -ផ្សិតបន្តពូជតាមរយៈស្ប៉ -ផ្សិតមិនធ្វើរស្មីសំយោគ -អុីប -វារស់នៅកន្លែងសើម +រុក្ខជាតិ -បន្តពូជដោយគ្រាប់ -វាត្រូវការធ្វើរស្មីសំយោគ -វារស់នៅកន្លែងដែលមានពន្លឺ,លក្ខណ:ខុសគ្នារវាងផ្សិត និង រុក្ខជាតិ +ផ្សិត -ជាភាវ:រស់បរជីព -មានអុីបក្រោមដី -បន្តពូជតាមរយ:ស្ប៉ +រុក្ខជាតិ -ជាភាវ:រស់ស្វ័យជីព -មានឬស -បន្តពូជតាមរយ:គ្រាប់ ។,12,8,3,0.6666666666666666,0.783203125,3,9,0,1
114,ចូរប្រៀបធៀបលក្ខណៈខុសគ្នានៃផ្សិត និងរុក្ខជាតិ។,លក្ខណៈខុសគ្នានៃផ្សិតនិងរុក្ខជាតិ +ផ្សិត  -ផ្សិតបន្តពូជតាមរយៈស្ប៉ -ផ្សិតមិនធ្វើរស្មីសំយោគ -អុីប -វារស់នៅកន្លែងសើម +រុក្ខជាតិ -បន្តពូជដោយគ្រាប់ -វាត្រូវការធ្វើរស្មីសំយោគ -វារស់នៅកន្លែងដែលមានពន្លឺ,លក្ខណៈខុសគ្នានៃផ្សិតនិងរុក្ខជាតិ +ផ្សិត  -ផ្សិតបន្តពូជតាមរយៈស្ប៉ -ផ្សិតមិនធ្វើរស្មីសំយោគ -អុីប -វារស់នៅកន្លែងសើម +រុក្ខជាតិ -បន្តពូជដោយគ្រាប់ -វាត្រូវការធ្វើរស្មីសំយោគ -វារស់នៅកន្លែងដែលមានពន្លឺ,12,12,4,1.0,0.86572265625,3,10,1,2
115,តើអាណាចក្រភ្នំមានព្រំប្រទល់ជាប់ប្រទេសណាខ្លះ?,អាណាចក្រភ្នំមានព្រំប្រទល់ជាប់ប្រទេសដូចជា -ខាងជើងជាប់ចិន -ខាងត្បូងជាឈូងសមុទ្រខ្មែរ -ខាងកើតជាប់រដ្ឋចម្ប៉ា -ខាងលិចជាប់រដ្ធមនឬភូមា។,អាណាចក្រភ្នំមានព្រំប្រទល់ជាប់ប្រទេសដូចជា -ខាងជើងជាប់ចិន(រដ្ឋណានឆាវតុងកឹង) -ខាងត្បូងជាឈូងសមុទ្រខ្មែរ -ខាងកើតជាប់រដ្ឋចម្ប៉ា -ខាងលិចជាប់រដ្ឋមនឬភូមា។,6,6,4,1.0,0.9169921875,4,6,0,0
116,តើគេចែកប្រូទីសជាប៉ុន្មានក្រុម?អ្វីខ្លះ?,ប្រូទីសសត្វចែកជា 4 ក្រុមតាមរបៀបរស់នៅនឹងផ្លាស់ទីរបស់វា  +ប្រូតូសូអ៊ែផ្លាស់ទីដោយជើងបញ្ឆោត: អាមីប +ប្រូតូសូអ៊ែផ្លាស់ទីដោយផ្លាសែល : សាឌីយ៉ា +ប្រូតូសូអ៊ែបន្តពូជតាមរយ:ស្ប៉ :ស្ប៉រ៉ូសូអ៊ែ។,គេចែកប្រូទីសសត្វជា4 ក្រុម គឺ -ណ្វៃយ៉ូ -ជើងបញ្ឆោតអាមីប -សុីតូប្លាស -វ៉ាគុយអូលកន្រ្តាក់,8,7,4,0.875,0.6328125,3,5,1,2
117,តើគេចែកប្រូទីសជាប៉ុន្មានក្រុម?អ្វីខ្លះ?,ប្រូទីសសត្វចែកជា 4 ក្រុមតាមរបៀបរស់នៅនឹងផ្លាស់ទីរបស់វា  +ប្រូតូសូអ៊ែផ្លាស់ទីដោយជើងបញ្ឆោត: អាមីប +ប្រូតូសូអ៊ែផ្លាស់ទីដោយផ្លាសែល : សាឌីយ៉ា +ប្រូតូសូអ៊ែបន្តពូជតាមរយ:ស្ប៉ :ស្ប៉រ៉ូសូអ៊ែ។,គេចែកប្រូទីសសត្វជា 4 ក្រុមគឺ  -ប្រូតូសូអ៊ែ ផ្លាស់ទីតាមរយៈស្ប៉(ប្លាស្លូស្យូម) -ប្រូតូសូអ៊ែ ផ្លាស់ទីដោយរោមញ័រ(ប៉ារ៉ាមេសុី) -ប្រូតូសូអ៊ែ ផ្លាស់ទីដោយជើងបញ្ឆោត(អាមីប),8,7,4,0.875,0.70068359375,3,6,1,1
118,តើកត្តាអ្វីខ្លះដែលធ្វើអោយសម័យអង្គររីកចម្រើនដល់កំពូល?​ ចូលរៀបរាប់។,កត្តាដែលធ្វើអោយសម័យអង្គររីកចម្រើនគឺ: កត្តាព្រះរាជា:ព្រះរាជាចាប់ពីព្រះបាទជ័យវរ្ម័នទី 2 រហូតដល់ព្រះបាទជ័យវរ្ម័នទី 7 សុទ្ធតែជាស្ដេចខ្លាំងពូកែ កត្តានយោបាយ: នយោបាយក្នុងប្រទេសបង្រួបបង្រួមជាតិកសាងនិងការពារទឹកដី នយោបាយក្រៅប្រទេស:ចងសម្ព័ន្ធមិត្តជាមួយប្រទេសធំៗវាយយករដ្ឋតូចដាក់ជាចំណុះ កត្តាសេដ្ឋកិច្ច:រីកចម្រើនលើវិស័យកសិកម្មសិប្បកម្មគណនាគម កត្តាសាសនា:ការឯកភាពគ្នារវាងសាសនាព្រាហ្មនិងព្រះពុទ្ធ កត្តាធនធានមនុស្សបន្សល់ទុកតាំងពីសម័យនគរភ្នំនិងចេនឡាមក។,កត្តាដែលធ្វើអោយសម័យអង្គររីកចម្រើនគឺ: .កត្តាព្រះរាជា:ព្រះរាជាចាប់ពីព្រះបាទជ័យវរ្ម័នទី 2 រហូតដល់ព្រះបាទជ័យវរ្ម័នទី 7 សុទ្ធសឹងតែជាស្ដេចខ្លាំងពូកែ .កត្តានយោបាយ: +នយោបាយក្នុងប្រទេស:បង្រួបបង្រួម​ កសាង និងការពារ។ +នយោបាយក្រៅប្រទេស:ចងសម្ព័ន្ធមិត្តជាមួយប្រទេសធំៗដូចជាចិននិងឥណ្ឌា និងវាយយករដ្ឋតូចដាក់ជាចំណុះ .កត្តាសេដ្ឋកិច្ច:ការរីកចម្រើនលើវិស័យកសិកម្ម សិប្បកម្ម គណនាគមន៍ .កត្តាសាសនា:មានការឯកភាពគ្នារវាងសាសនាព្រាហ្មនិងព្រះពុទ្ធ .កត្តាធនធានមនុស្សបន្សល់ទុកតាំងពីសម័យនគរភ្នំនិងចេនឡាមក។,10,10,4,1.0,0.9619140625,4,10,0,0
119,ចូររៀបរាប់អំពីទំនាក់ទំនងរវាងការដាំដុះអាជីវកម្មព្រៃឈើនិងនេសាទ។,ទំនាក់ទំនងរវាង ការដាំដុះអាជីវកម្មព្រៃឈើ និងការនេសាទ៖  _ ការដាំដុះអាជីវកម្មព្រៃឈើ និងការនេសាទ ជាភោគទ្រព្យយ៉ាងសំខាន់សម្រាប់ប្រជាជនក្នុងការទ្រទ្រង់ក្នុងជីវភាពរស់នៅនិងការអភិវឌ្ឍន៍ប្រទេសជាតិ   _ ដើម្បីបំពេញតម្រូវការក្នុងកសិកម្មផលិតកម្មនិងត្រូវការផ្សេងៗ មនុស្សនាំគ្នាកាប់ព្រៃឈើដើម្បីធ្វើអាជីវកម្មព្រៃឈើជាមូលហេតុធ្វើឲ្យអាកាសធាតុប្រែប្រួលប៉ះពាល់ដល់ជីវិតមនុស្ស សត្វ និងរុក្ខជាតិ  ​ _ អតិផលនៃប្រព័ន្ធកសិកម្ម នាំឲ្យមានកំណើននៃការប្រើប្រាស់គីមីនិងថ្នាំសម្លាប់សត្វល្អិត។ ជីគីមី និងថ្នាំសម្លាប់សត្វល្អិត ទាំងនោះហូរទៅផ្ដុំគ្នានៅតាមផ្លូវទឹកនានា បំផ្លាញជីវិតសត្វនិងពូជធម្មជាតិ។,រៀបរាប់ពីទំនាក់ទំនងរវាងការដាំដុះ ការចិញ្ចឹមសត្វ និងការនេសាទ៖ -ការដាំដើមឈើការអភិរក្សព្រៃកោងកាង -ដុះព្រៃ ដើម្បី យកដីដាំដុះ -ការដាំ ដំណាំហូបផ្លែ  .-ការធ្វើអាជីវកម្មព្រៃឈើដោយសារការបោះ អាចការកាប់បំផ្លាញ -ឈើសត្វព្រៃឈើលើសកំណត់ -ការជួញដូរភាពអាជីវកម្មដោយសារខុសច្បាប់  -ធ្វើអាជីវកម្មលើកម្រិតអាចបាត់បង់ជម្រកសត្វព្រៃកាប់ព្រៃឈើ  -លើសលស់ពេលផែនដីឡើងកំដៅ ដោយសារការធ្វើ ផលិតផល -លោកលន់ពេលធ្វើឲ្យត្រីខ្លះស្ទើរតែជិតផុតពូជសាទការនេទឹកសាបនិងការនេសាទត្រី  ទឹកប្រៃ។,15,5,1,0.3333333333333333,0.5634765625,2,8,1,3
120,តើប្រព័ន្ធផលិតកម្មកសិកម្មនៅក្នុងប្រទេសកម្ពុជាមានអ្វីខ្លះ?ចូររៀបរាប់​ ។,ប្រព័ន្ធផលិតកម្មកសិកម្មនៅប្រទេសកម្ពុជាមាន៖    _ ដំណាំ : ដំណាំស្រូវ ដំណាំកៅស៊ូ ដំណាំផ្សេងៗទៀត    _ ការចិញ្ចឹមសត្វ : ការចិញ្ចឹមសត្វលើគោក ការចិញ្ចឹមសត្វក្នុងទឹក    _ ការនេសាទ : ការនេសាទទឹកសាប ការនេសាទទឹកប្រៃ  _ ព្រៃឈើ : ផលិតផលឈើ អនុផលព្រៃឈើ(រកឃ្មុំ ជ័រទឹក វល្លិ៍ ផ្តៅ) សត្វព្រៃ ។,ប្រព័ន្ធផលិតផលកសិកម្មនៅប្រទេសកម្ពុជាមានដូចជា៖  -ការនាំចេញចូលផលិតផល ការធ្វើស្រែចំការដំណាំស្រូវ -ការនាំប្រផលទៅក្រៅស្រុក -ការធ្វើសេដ្ឋកិច្ចទីផ្សារដើម្បីឲ្យមានការអភិវឌ្ឍន៍ខ្ពស់ -ការធ្វើពាណិជ្ជកម្ម -ការធ្វើអាជីវកម្មក្នុងស្រុកនិងក្រៅស្រុក។,10,2,1,0.2,0.5546875,2,6,1,4
121,ដូចម្តេចដែលហៅថាមេយ៉ូស? ចូរនិយាយពីវគ្គផ្សេងៗនៃមេយ៉ូស។,មេយ៉ូសជាសំណុំនៃចំណែកកោសិកាពីរដងបន្តបន្ទាប់គ្នាដែលបង្កើតបានជាកោសិកាអាលូអុីតបួន ហៅថាមេយ៉ូស ។ _តេឡូផាស1 ស៊ីតូប្លាសចែកខ្លួនបានជាកោសិកាកូនពីរ ។កោសិកាកូននីមួយៗទទួលបានក្រូម៉ូសូម តែមួយពីរគូអូម៉ូឡូក ។ _ប្រផាស1 មានរយៈពេលវែង ។ _អាណាផាស1 ក្រូម៉ូសូមដំរៀបលើផ្លាស់ភ្ជាប់នឹងក្រយ៉ូងក្រូម៉ាទិចដោយសង់ក្រូងទ័ររបស់វា ។ _តេឡូផាស2 ក្រូម៉ូមនីមួយៗបានមកដល់ប៉ូលភ្នាស _មេតាផាស2 ក្រូម៉ូសូមប្រេះតាមបណ្ដោយភ្ជាប់ខ្លួនទៅនិងក្រយ៉ងក្រូម៉ាទិចដោយសង់ _ប្រូដាស2 ត្តយ៉ងអាក្រូម៉ាទិតកើតមានក្នុងកោសិកាគូនីមួយៗ _អាណាផាស2 សង់ក្រូម៉ែធ្វើចំណែកដែលនាំអោយក្រូម៉ាទិចបងប្អូនដាច់ចេញពីគ្នា ។បន្ទាប់មក ក្រូម៉ូសូមកូនទាំង2ធ្វើដំណើរឆ្ពោះទៅប៉ូលផ្ទុយគ្នារបស់ត្រយ៉ូងអាក្រូម៉ាទិច ។,មេយ៉ូសជាសំណុំនៃចំណែកកោសិកាពីរដងបន្តបន្ទាប់គ្នាដែលបង្កើតបានជាកោសិកាអាលូអុីតបួន ហៅថាមេយ៉ូស ។មានបួនវគ្គគឺ ប្រូផាស អាណាផាស មេតាផាស និង តេឡូផាស ។,10,5,2,0.5,0.55419921875,2,6,0,1
122,ហេតុអ្វីបានជាផ្នែកឯកជនជាកម្លាំងដ៏សំខាន់សម្រាប់វិនិយោគនិងធ្វើឲ្យមានកំណើនសេដ្ឋកិច្ចក្នុងប្រទេស?,បានជាផ្នែកឯកជនជាកម្លាំងដ៏សំខាន់សម្រាប់វិនិយោគនិងធ្វើឲ្យមានកំណើនសេដ្ឋកិច្ចក្នុងប្រទេស ព្រោះប្រទេសកម្ពុជាជាប្រទេសអភិវឌ្ឍន៍ សេដ្ឋកិច្ចទីផ្សារដោយបានធ្វើកំណែទម្រង់សហគ្រាសឧស្សាហកម្មឲ្យក្លាយទៅជាកម្មសិទ្ធិឯកជន ។ សេដ្ឋកិច្ចទីផ្សារសេរីនេះនាំឲ្យអ្នករកស៊ីបរទេសចូលចិត្តមកវិនិយោគ ហើយកាលណាផ្នែកឯកជនរឹងមាំមកវិនិយោគ ហើយកាលណាផ្នែកឯកជនមិនរឹងមាំអាចបំពេញបន្ថែមវិនិយោគនិងវិស័យសង្គមកិច្ចមានន័យថាវិស័យឯកជនស្រូបយកកម្លាំងការងារកាន់តែកើនឡើង។,បានជាផ្នែកឯកជនជាកម្លាំងដ៏សំខាន់សម្រាប់វិនិយោគនិងធ្វើឲ្យមានកំណើនសេដ្ឋកិច្ចក្នុងប្រទេស ព្រោះប្រទេសកម្ពុជាជាប្រទេសអភិវឌ្ឍន៍ សេដ្ឋកិច្ចទីផ្សារដោយបានធ្វើកំណែទម្រង់សហគ្រាសឧស្សាហកម្មឲ្យក្លាយទៅជាកម្មសិទ្ធិឯកជន ។ សេដ្ឋកិច្ចទីផ្សារសេរីនេះនាំឲ្យអ្នករកស៊ីបរទេសចូលចិត្តមកវិនិយោគ ហើយកាលណាផ្នែកឯកជនរឹងមាំមកវិនិយោគ ហើយកាលណាផ្នែកឯកជនមិនរឹងមាំអាចបំពេញបន្ថែមវិនិយោគនិងវិស័យសង្គមកិច្ចមានន័យថាវិស័យឯកជនស្រូបយកកម្លាំងការងារកាន់តែកើនឡើង។,15,15,4,1.0,0.916015625,4,14,0,1
123,តើអ្វីជាសង្គ្រាមត្រជាក់? តើសង្គ្រាមត្រជាក់ផ្ដល់ផលវិបាកអ្វីខ្លះដល់កម្ពុជា?,សង្គ្រាមត្រជាក់ជាការប្រឈមមុខដាក់គ្នាដោយប្រយោលរវាងសហរដ្ឋអាមេរិចនិងសហភាពសូវៀត ដោយធ្វើការប្រណាំងប្រជែងគ្នាលើផ្នែក  សេដ្ឋកិច សព្វាវុធ យោធា និងបច្ចេកទេស។ សង្រ្គាមត្រជាក់បានផ្ដល់ផលវិបាកកម្ពុជាដូចជា៖ -គ្រាប់បែករបស់សហរដ្ឋអាមេរិក 1669 ដល់ 1973  -សង្គ្រាមស៊ីវិលក្នុងប្រទេសពីឆ្នាំ 1970 ដល់ 1975 និងកើតមានម្តងទៀតពីឆ្នាំ 1979 ដល់ឆ្នាំ 1991 ដែលកើតចេញពីការប្រឆាំងគ្នារវាងក្រុមកុម្មុយនិស្តនិងសេរីនិយម -ការសម្លាប់ប្រជាជនឯងក្រោមរបស់ប្រល័យពូជសាសន៍ឆ្នាំ 1975 និងឆ្នាំ 1979  -ការផ្លាស់ប្ដូរនយោបាយជាញឹកញាប់រហូតមានការមានកិច្ចព្រមព្រៀងសន្តិភាពក្រុងប៉ារីសថ្ងៃទី 23 តុលាឆ្នាំ 1991។,សង្គ្រាមត្រជាក់គឺជាការប្រឈមមុខដាក់គ្នារវាងសហរដ្ឋអាមេរិក និងសហភាពសូវៀតដោយធ្វើការប្រណាំងប្រជែងគ្នាលើផ្នែក  សេដ្ឋកិច សព្វាវុធ យោធា និងបច្ចេកទេស ពោលគឺជាការកាច់បំបាក់គ្នារវាងសហរដ្ឋអាមេរិកនិងសហភាពសូវៀត។  សង្គ្រាមត្រជាក់ផ្ដល់ប៉ះពាល់ដល់កម្ពុជា៖ -មានវិនាសសកម្ម: ការទម្លាក់គ្រាប់បែករបស់់សហរដ្ឋអាមេរិក (១៩៦៩ ដល់ ១៩៧៣) -សង្គ្រាមសុីវិលក្នុងប្រទេសពីឆ្នាំ ១៩៧០ដល់១៩៥៧និងកើតឡើងម្ដងទៀតពីឆ្នាំ១៩៧៥ដល់២៩៧៩ដែលកើតចេញពីការប្រឆាំគ្នារវាងបក្សគម្មុយនីសនិងសេរីនិយម -ការកាប់សម្លាប់ប្រជាជនឯងក្រោមរបបប្រល័យពូជសាសន៍ (១៩៧៥ដល់១៩៧៩) -ការផ្លាស់ប្ដូររបបនយោបាយជាញឹកញាប់រហូតដល់មានកិច្ចព្រមព្រៀងសន្តិភាពទីក្រុងប៉ារីស។,10,9,4,0.9,0.74462890625,3,7,1,2
124,តើសង្គមខ្មែរនៅសម័យអង្គរមានប៉ុន្មានវណ្ណៈ? វណ្ណៈអ្វីខ្លះ? ចូលរៀបរាប់។,សង្គមខ្មែរនៅសម័យអង្គរមានប្រាំវណ្ណៈគឺ -វណ្ណៈក្សត្រឬរាជវង្សនុវង្ស (ជាស្ដេចគ្រប់គ្រងប្រទេស -វណ្ណៈមន្ត្រី (អ្នករស់នៅក្នុងរាជវាំងបម្រើស្ដេច) -វណ្ណៈព្រាហ្ម៍ឬបុព្វជិត​(គឺជាអ្នកបួស) -វណ្ណៈអ្នកជាឬកសិករ (អ្នករស់នៅនឹងធ្វើស្រែចម្ការ) -វណ្ណៈអ្នកងារឬទាសករ(ទាសករបម្រើគេតកូនតចៅ)។,សង្គមខ្មែរនៅសម័យអង្គរមានប្រាំវណ្ណៈគឺ -វណ្ណៈក្សត្រ:វណ្ណៈនេះមានបុព្វសិទ្ធណាស់ដូចជាគ្មានការបង់ពន្ធ មិនជាប់កំណែននិងមិនត្រូវធ្វើការងារធ្ងន់ជាដើម។ -វណ្ណៈមន្ត្រី:ជាអ្នកដែលធ្វើការក្នុងវាំងនិងបម្រើព្រះរាជា -វណ្ណៈអ្នកបួស:ពួកប៉ាន់ឃាបគឺពួកព្រាហ្មណ៍​ ពួកនេះស្លៀកពាក់ដូចគេទៀតដែរ ខុសត្រង់មានពាក់ខ្សែរអំបោះដវេញមួយខ្សែរនៅក ជាសញ្ញាថាអ្នកចេះ។ -វណ្ណៈអ្នកជា:ពួកគេជាវណ្ណៈកណ្ដាលក្នុងសង្គម​ ដែលមានឋានន្ដរមានប្រហាក់ប្រហែលនិងពួកឈ្មួញសិប្បកម្ម សិប្បករនិងប្រជារាស្ត្រសាមញ្ញ -វណ្ណៈទាសករ:ពួកគេជាវណ្ណៈទាបបំផុតនៅក្នុងសង្គមដែលជាអ្នកបម្រើគេអស់មួយជីវិត។,10,10,4,1.0,0.74169921875,3,7,1,3
125,ចូររៀបរាប់អំពីទំនាក់ទំនងរវាងការដាំដុះអាជីវកម្មព្រៃឈើនិងនេសាទ។,ទំនាក់ទំនងរវាង ការដាំដុះអាជីវកម្មព្រៃឈើ និងការនេសាទ៖  _ ការដាំដុះអាជីវកម្មព្រៃឈើ និងការនេសាទ ជាភោគទ្រព្យយ៉ាងសំខាន់សម្រាប់ប្រជាជនក្នុងការទ្រទ្រង់ក្នុងជីវភាពរស់នៅនិងការអភិវឌ្ឍន៍ប្រទេសជាតិ   _ ដើម្បីបំពេញតម្រូវការក្នុងកសិកម្មផលិតកម្មនិងត្រូវការផ្សេងៗ មនុស្សនាំគ្នាកាប់ព្រៃឈើដើម្បីធ្វើអាជីវកម្មព្រៃឈើជាមូលហេតុធ្វើឲ្យអាកាសធាតុប្រែប្រួលប៉ះពាល់ដល់ជីវិតមនុស្ស សត្វ និងរុក្ខជាតិ  ​ _ អតិផលនៃប្រព័ន្ធកសិកម្ម នាំឲ្យមានកំណើននៃការប្រើប្រាស់គីមីនិងថ្នាំសម្លាប់សត្វល្អិត។ ជីគីមី និងថ្នាំសម្លាប់សត្វល្អិត ទាំងនោះហូរទៅផ្ដុំគ្នានៅតាមផ្លូវទឹកនានា បំផ្លាញជីវិតសត្វនិងពូជធម្មជាតិ។,រៀបរាប់ទំនាក់ទំនងរវាងការដាំដុះអាជីវកម្មព្រៃឈើនិងការនេសាទ៖  + អាជីវកម្មព្រៃឈើ       _ ការដាំដុះព្រៃឈើ      _ ការការពារព្រៃឈើ      _ ចូលរួមថែរក្សាព្រៃឈើនិងមិនត្រូវកាប់បំផ្លាញព្រៃឈើ      _ ចូលរួមលុបបំបាត់កាប់ឈើដើម្បីនាំចេញក្រៅស្រុក     _ មិនត្រូវដុតបំផ្លាញព្រៃឈើ     _ ការដាំដុះអាជីវកម្មព្រៃឈើឲ្យបានច្រើន     _ ចូលរួមគោរពច្បាប់ថែរក្សាព្រៃឈើឲ្យបានល្អ  + ការនេសាទ     _ ត្រូវចូលរួមថែរក្សាការនេសាទ     _ មិនត្រូវនេសាទហួសកំណត់     _ មិនត្រូវយកឆក់មកនេសាទ(នាំឲ្យផុតពូជ)     _ មិនត្រូវពិនិត្យមើលម៉ងឬសំណាញ់មុននេសាទ     _ ត្រូវចូលរួមថែរក្សាត្រីកុំដាក់ថ្នាំបំពុល។,15,5,1,0.3333333333333333,0.5576171875,2,8,1,3
126,តើអ្វីជាសង្គ្រាមត្រជាក់? តើសង្គ្រាមត្រជាក់ផ្ដល់ផលវិបាកអ្វីខ្លះដល់កម្ពុជា?,សង្គ្រាមត្រជាក់គឺជាការប្រកួតប្រជែងផ្នែកមនោគមវិទ្យារវាងសេដ្ឋកិច្ចនយោធានិងបច្ចេកវិទ្យា។សង្គ្រាមមជ្ឈមណ្ឌលផលវិបាកដល់កម្ពុជាដូចជា -ការអនុវត្តនយោបាយវិទ្យាក្រឹត្យរបស់សម្ដេចនរោត្តមសីហនុមិនចោទទិសដៅ -ប្រទេសកម្ពុជាធ្លាក់ក្នុងសង្គ្រាមស៊ីវល -ខ្មែរក្រហមឡើងកាន់អំណាច -ប្រទេសកម្ពុជាមានភាពអាណាធិបតេយ្យ -សេដ្ឋកិច្ចកម្ពុជាធ្លាក់ចុះ -ប្រទេសកម្ពុជារស់នៅដែលភាពភ័យខ្លាច -រោងចក្រឧស្សាហកម្មបិទទ្វារ -បែកបាក់សាមគ្គីផ្ទៃក្នុង,សង្គ្រាមត្រជាក់ជាការប្រកួតប្រជែងផ្នែកមនោគមន៍វិទ្យារវាងប្លង់កុម្មុយនីសនិងប្លុកសេរីដែលរកកូវីឆេងផ្នែកនយោបាយសេដ្ឋកិច្ចយោធានិងបច្ចេកវិទ្យា។ +សង្គ្រាមត្រជាក់ផ្ដល់ផលវិបាកដល់កម្ពុជាដូចជា -ការអនុវត្តនយោបាយវិទ្យាក្រឹត្យរបស់សម្ដេចសីហនុមិនចំទិសដៅ -ប្រទេសកម្ពុជាធ្លាក់ក្នុងសង្គ្រាមស៊ីវិល -ប្រទេសកម្ពុជាភាពអាណាធិបតេយ្យ,10,6,2,0.6,0.74462890625,3,7,1,1
127,ដូចម្តេចដែលហៅថាមេយ៉ូស? ចូរនិយាយពីវគ្គផ្សេងៗនៃមេយ៉ូស។,មេយ៉ូសជាសំណុំនៃចំណែកកោសិកាពីរដងបន្តបន្ទាប់គ្នាដែលបង្កើតបានជាកោសិកាអាលូអុីតបួន ហៅថាមេយ៉ូស ។ _តេឡូផាស1 ស៊ីតូប្លាសចែកខ្លួនបានជាកោសិកាកូនពីរ ។កោសិកាកូននីមួយៗទទួលបានក្រូម៉ូសូម តែមួយពីរគូអូម៉ូឡូក ។ _ប្រផាស1 មានរយៈពេលវែង ។ _អាណាផាស1 ក្រូម៉ូសូមដំរៀបលើផ្លាស់ភ្ជាប់នឹងក្រយ៉ូងក្រូម៉ាទិចដោយសង់ក្រូងទ័ររបស់វា ។ _តេឡូផាស2 ក្រូម៉ូមនីមួយៗបានមកដល់ប៉ូលភ្នាស _មេតាផាស2 ក្រូម៉ូសូមប្រេះតាមបណ្ដោយភ្ជាប់ខ្លួនទៅនិងក្រយ៉ងក្រូម៉ាទិចដោយសង់ _ប្រូដាស2 ត្តយ៉ងអាក្រូម៉ាទិតកើតមានក្នុងកោសិកាគូនីមួយៗ _អាណាផាស2 សង់ក្រូម៉ែធ្វើចំណែកដែលនាំអោយក្រូម៉ាទិចបងប្អូនដាច់ចេញពីគ្នា ។បន្ទាប់មក ក្រូម៉ូសូមកូនទាំង2ធ្វើដំណើរឆ្ពោះទៅប៉ូលផ្ទុយគ្នារបស់ត្រយ៉ូងអាក្រូម៉ាទិច ។,ដែលហៅថាមេយ៉ូសគឺជាសំណុំនៃចំណែកកោសិកាពីដងបន្តបន្ទាប់គ្នាបង្កើតបានជាកោសិកា អាប្លូអុីត4 ។វគ្គផ្សេងនៃមេយ៉ូសមានដូចជា  _ប្រផាស1 មានរយៈពេលវែង ។ _អាណាផាស1 ក្រូម៉ូសូមដំរៀបលើផ្លាស់ភ្ជាប់នឹងក្រយ៉ូងក្រូម៉ាទិចដោយសង់ក្រូងទ័ររបស់វា ។,10,5,2,0.5,0.5576171875,2,6,0,1
128,តើការស្ថិតនៅក្រៅសារពាង្គកាយនៃពងស្វាសមានសារៈសំខាន់ដូចម្តេច?,ការស្ថិតនៅក្រោមសារពាង្គកាយនៃពងស្វាសមានសារៈសំខាន់ដូចជាដើម្បីរក្សាសីតុណ្ហភាពឲ្យ ទាបជាងសីតុណ្ហភាពក្នុងខ្លួន ប្រហែលពី(2-3)សីតុណ្ហភាពក្នុងខ្លួន37 ។,ការស្ថិតនៅក្រោមសារពាង្គកាយនៃពងស្វាសមានសារៈសំខាន់ក្នុងការផលិតអរម៉ូនភេទឈ្មោលនិង បង្កើតស្ពែម៉ាតូសូអ៊ីតរក្សាសីតុណ្ហភាពឲ្យទាបជាងសីតុណ្ហភាពក្នុងខ្លួន ប្រហែលពី(2-3) ។,10,5,2,0.5,0.66650390625,3,7,1,2
129,ហេតុអ្វីបានជាផ្នែកឯកជនជាកម្លាំងដ៏សំខាន់សម្រាប់វិនិយោគនិងធ្វើឲ្យមានកំណើនសេដ្ឋកិច្ចក្នុងប្រទេស?,បានជាផ្នែកឯកជនជាកម្លាំងដ៏សំខាន់សម្រាប់វិនិយោគនិងធ្វើឲ្យមានកំណើនសេដ្ឋកិច្ចក្នុងប្រទេស ព្រោះប្រទេសកម្ពុជាជាប្រទេសអភិវឌ្ឍន៍ សេដ្ឋកិច្ចទីផ្សារដោយបានធ្វើកំណែទម្រង់សហគ្រាសឧស្សាហកម្មឲ្យក្លាយទៅជាកម្មសិទ្ធិឯកជន ។ សេដ្ឋកិច្ចទីផ្សារសេរីនេះនាំឲ្យអ្នករកស៊ីបរទេសចូលចិត្តមកវិនិយោគ ហើយកាលណាផ្នែកឯកជនរឹងមាំមកវិនិយោគ ហើយកាលណាផ្នែកឯកជនមិនរឹងមាំអាចបំពេញបន្ថែមវិនិយោគនិងវិស័យសង្គមកិច្ចមានន័យថាវិស័យឯកជនស្រូបយកកម្លាំងការងារកាន់តែកើនឡើង។,បានជាផ្នែកឯកជនជាកម្លាំងដ៏សំខាន់សម្រាប់វិនិយោគ និងធ្វើឲមានកំណើនសេដ្ឋកិច្ចក្នុងប្រទេសព្រោះ៖  _ កម្ពុជាជាប្រទេសអនុវត្តសេដ្ឋកិច្ចទីផ្សាសេរីចាប់តាំងពីឆ្នាំ1993ដោយបានធ្វើកំណែទម្រង់សហគ្រាសឲក្លាយទៅជាកម្មសិទ្ធិឯកជន  _ សេដ្ឋកិច្ចទីផ្សារសេរីនេះនាំឲអ្នករកស៊ីបរទេសចូលចិត្តមកវិនិយោគ  _ កាលណាផ្នែកឯកជនរឹងមាំអាចបំពេញបន្ថែមវិនិយោគសាធារណៈក្នុងវិស័យសង្គមកិច្ច មានន័យថាវិស័យឯកជនអាចស្រូបយកកម្លាំងការងារកាន់តែច្រើនឡើង។,15,15,4,1.0,0.916015625,4,14,0,1
130,តើគេចែកប្រូទីសជាប៉ុន្មានក្រុម?អ្វីខ្លះ?,ប្រូទីសសត្វចែកជា 4 ក្រុមតាមរបៀបរស់នៅនឹងផ្លាស់ទីរបស់វា  +ប្រូតូសូអ៊ែផ្លាស់ទីដោយជើងបញ្ឆោត: អាមីប +ប្រូតូសូអ៊ែផ្លាស់ទីដោយផ្លាសែល : សាឌីយ៉ា +ប្រូតូសូអ៊ែបន្តពូជតាមរយ:ស្ប៉ :ស្ប៉រ៉ូសូអ៊ែ។,គេចែកប្រូទីសសត្វជា 4ប្រភេទគឺ-ប្រូទីសផ្លាស់ទីដោយជើងបញ្ឆោត : អាមីប-ប្រូទីស ផ្លាស់ទីដោយរោមញ័រ : ប៉ារ៉ាមេសុី-ប្រូទីសផ្លាស់ទីដោយ ប្លាសែល-ប្រូទីសផ្លាស់ទីដោយ ស្ប៉។,8,3,2,0.375,0.65234375,3,5,1,2
131,តើផ្សិតមានរូបរាងខុសៗគ្នាអាស្រ័យនឹងអ្វី? ស្រូបសារធាតុចិញ្ចឹមតាមរយៈអ្វី?,ផ្សិតមានរូបរាងខុសៗគ្នាអាស្រ័យនឹងការតម្រៀបអុីបរបស់វា។ផ្សិតស្រូបសារធាតុចិញ្ចឹមតាមរយ:អុីបដែលដុះចូលទៅក្នុងប្រភពអាហារ។,ផ្សិតមានរូបរាងខុសៗគ្នាអាស្រ័យនឹងការតម្រៀបអុីបរបស់វា។ផ្សិតស្រូបសារធាតុចិញ្ចឹមតាមរយ:អុីបដែលដុះចូលទៅក្នុងប្រភពអាហារ។,10,8,3,0.8,0.66845703125,3,7,0,1
132,តើអាណាចក្រភ្នំមានព្រំប្រទល់ជាប់ប្រទេសណាខ្លះ?,អាណាចក្រភ្នំមានព្រំប្រទល់ជាប់ប្រទេសដូចជា -ខាងជើងជាប់ចិន -ខាងត្បូងជាឈូងសមុទ្រខ្មែរ -ខាងកើតជាប់រដ្ឋចម្ប៉ា -ខាងលិចជាប់រដ្ធមនឬភូមា។,អាណាចក្រភ្នំមានព្រំប្រទល់ខាងជើងជាប់នឹងប្រទេសចិន(រដ្ឋណានឆាវនិងតុងតឹង)ខាងកើតជាប់រដ្ឋចម្ប៉ា(ឈូងសមុទ្រចិន)និងខាងត្បូងជាប់និងឈូងសមុទ្រខ្មែរ(នគរភ្នំ)និងខាងលិចជាប់រដ្ឋមនឬភូមា។,6,6,4,1.0,0.9130859375,4,5,0,1
133,តើអាណាចក្រភ្នំមានព្រំប្រទល់ជាប់ប្រទេសណាខ្លះ?,អាណាចក្រភ្នំមានព្រំប្រទល់ជាប់ប្រទេសដូចជា -ខាងជើងជាប់ចិន -ខាងត្បូងជាឈូងសមុទ្រខ្មែរ -ខាងកើតជាប់រដ្ឋចម្ប៉ា -ខាងលិចជាប់រដ្ធមនឬភូមា។,អាណាចក្រភ្នំមានព្រំប្រទល់ជាប់ប្រទេសដូចជា -ខាងជើងជាប់ចិន(រដ្ឋណានឆាវតុងកឹង) -ខាងត្បូងជាឈូងសមុទ្រខ្មែរ -ខាងកើតជាប់រដ្ឋចម្ប៉ា -ខាងលិចជាប់រដ្ឋមនឬភូមា។,6,6,4,1.0,0.9169921875,4,6,0,0
134,តើដំណាក់កាលទាំងពីរនៃវដ្ដជីវីតរបស់រុក្ខជាតិមានអ្វីខ្លះ? ចូររៀបរាប់។,ដំណាក់កាល ទាំងពីរនៃវដ្ដជីវិតរបស់រុក្ខជាតិមាន  - ដំណាក់កាលស្ប៉រ៉ូភីត គឺជារុក្ខជាតិផលិតស្ប៉។ វាជាកោសិកាតូចៗដែលអាចលូតលាស់ជាសារពាង្គកាយថ្មី  -ស្ប៉លូតលាស់ក្នុងដំណាក់កាលផ្សេងទៀតនៃរុក្ខជាតិ ហៅថាកាម៉ែតូភីត។ ក្នុងដំណាក់កាលនៃរុក្ខជាតិផលិតកោសិកាភេទពីរបែប គឺកាម៉ែតឈ្មោល និងកាម៉ែតញី ។ កាម៉ែតញី និង កាម៉ែតឈ្មោលលាយចូលគ្នា បង្កើតបានជាសុីកូត។ បន្ទាប់មកទៀត សុីកូតលូតលាស់ទៅជាស្ប៉រ៉ូភីត។ស្ប៉រ៉ូភីតផលិតស្ប៉លូតលាស់ក្នុងកាម៉ែតូភីត កាម៉ែតូភីតផលិតកាម៉ែតញី និងកាម៉ែតឈ្មោល ហើយវដ្ដផ្ដើមសារជាថ្មី។,ដំណាក់កាល ទាំងពីរនៃការវិរត្តរបស់រុក្ខជាតិមានស្ប៉រ៉ូភីត និង កាម៉ែតូភីត  ។ +ដំណាក់កាលស្ប៉រ៉ូភីត គឺរុក្ខជាតិផលិតស្ប៉។ វាជាកោសិកាតូចៗ ដែលអាចលូតលាស់ជាសារពាង្គកាយថ្មី។ +ដំណាក់កាលកាម៉ែតូភីត គឺជាស្ប៉ដែលលូតលាស់ជាសារពាង្គកាយថ្មីៗ។ ដំណាក់កាលនេះរុក្ខជាតិ ផលិតកោសិកាភេទពីរបែប គឺកាម៉ែតញី និងកាម៉ែតឈ្មោល ។ កាម៉ែតញី និង កាម៉ែតឈ្មោល រលាយចូលគ្នាបង្កើតបានជាសុីកូត។ បន្ទាប់មកសុីកូតលូតលាស់ទៅជាស្ប៉រ៉ូភីត។,15,5,1,0.3333333333333333,0.623046875,2,9,1,4
135,តើប្រព័ន្ធផលិតកម្មកសិកម្មនៅក្នុងប្រទេសកម្ពុជាមានអ្វីខ្លះ?ចូររៀបរាប់​ ។,ប្រព័ន្ធផលិតកម្មកសិកម្មនៅប្រទេសកម្ពុជាមាន៖    _ ដំណាំ : ដំណាំស្រូវ ដំណាំកៅស៊ូ ដំណាំផ្សេងៗទៀត    _ ការចិញ្ចឹមសត្វ : ការចិញ្ចឹមសត្វលើគោក ការចិញ្ចឹមសត្វក្នុងទឹក    _ ការនេសាទ : ការនេសាទទឹកសាប ការនេសាទទឹកប្រៃ  _ ព្រៃឈើ : ផលិតផលឈើ អនុផលព្រៃឈើ(រកឃ្មុំ ជ័រទឹក វល្លិ៍ ផ្តៅ) សត្វព្រៃ ។,ប្រព័ន្ធផលិតផលកសិកម្មនៅប្រទេសកម្ពុជាមានចំនួនបីដូចជា៖  +កសិកម្មផ្នែកដាំដុះ -ដំណាំស្រូវ លោក ដំឡូងពោត   -ដំណាំកៅស៊ូ -ដំណាំហូងផ្លែ +កសិកម្មនេសាទ -ការនេសាទត្រី -ការចិញ្ចឹមត្រី +កសិកម្មអនុផលព្រៃឈើ -ការកាប់យកព្រៃឈើមានតម្លៃ -ការអាស្រ័យយកផល្លាក្នុងព្រៃល។,10,7,3,0.7,0.5380859375,2,5,1,2
136,តើប្រព័ន្ធផលិតកម្មកសិកម្មនៅក្នុងប្រទេសកម្ពុជាមានអ្វីខ្លះ?ចូររៀបរាប់​ ។,ប្រព័ន្ធផលិតកម្មកសិកម្មនៅប្រទេសកម្ពុជាមាន៖    _ ដំណាំ : ដំណាំស្រូវ ដំណាំកៅស៊ូ ដំណាំផ្សេងៗទៀត    _ ការចិញ្ចឹមសត្វ : ការចិញ្ចឹមសត្វលើគោក ការចិញ្ចឹមសត្វក្នុងទឹក    _ ការនេសាទ : ការនេសាទទឹកសាប ការនេសាទទឹកប្រៃ  _ ព្រៃឈើ : ផលិតផលឈើ អនុផលព្រៃឈើ(រកឃ្មុំ ជ័រទឹក វល្លិ៍ ផ្តៅ) សត្វព្រៃ ។,ប្រព័ន្ធផលិតកម្មកសិកម្មនៅប្រទេសកម្ពុជាមានដូចជា៖  _ ឧស្សាហកម្ម  _ កសិកម្ម  _ ពាណិជ្ជកម្ម  _ ទេសចរណ៍  _ សេវាកម្ម។,10,2,1,0.2,0.56640625,2,6,1,4
137,តើអាណាចក្រភ្នំមានព្រំប្រទល់ជាប់ប្រទេសណាខ្លះ?,អាណាចក្រភ្នំមានព្រំប្រទល់ជាប់ប្រទេសដូចជា -ខាងជើងជាប់ចិន -ខាងត្បូងជាឈូងសមុទ្រខ្មែរ -ខាងកើតជាប់រដ្ឋចម្ប៉ា -ខាងលិចជាប់រដ្ធមនឬភូមា។,អាណាចក្រភ្នំមានព្រំប្រទល់ជាប់ប្រទេសដូចជា -ខាងជើងជាប់ចិន(រដ្ឋណានឆាវតុងកឹង) -ខាងត្បូងជាឈូងសមុទ្រខ្មែរ(ឈូងសមុទ្រនគរភ្នំ) -ខាងកើតជាប់រដ្ឋចម្ប៉ា -ខាងលិចជាប់រដ្ឋមនឬភូមា។,6,6,4,1.0,0.9130859375,4,5,0,1
138,តើកត្តាអ្វីខ្លះដែលធ្វើអោយសម័យអង្គររីកចម្រើនដល់កំពូល?​ ចូលរៀបរាប់។,កត្តាដែលធ្វើអោយសម័យអង្គររីកចម្រើនគឺ: កត្តាព្រះរាជា:ព្រះរាជាចាប់ពីព្រះបាទជ័យវរ្ម័នទី 2 រហូតដល់ព្រះបាទជ័យវរ្ម័នទី 7 សុទ្ធតែជាស្ដេចខ្លាំងពូកែ កត្តានយោបាយ: នយោបាយក្នុងប្រទេសបង្រួបបង្រួមជាតិកសាងនិងការពារទឹកដី នយោបាយក្រៅប្រទេស:ចងសម្ព័ន្ធមិត្តជាមួយប្រទេសធំៗវាយយករដ្ឋតូចដាក់ជាចំណុះ កត្តាសេដ្ឋកិច្ច:រីកចម្រើនលើវិស័យកសិកម្មសិប្បកម្មគណនាគម កត្តាសាសនា:ការឯកភាពគ្នារវាងសាសនាព្រាហ្មនិងព្រះពុទ្ធ កត្តាធនធានមនុស្សបន្សល់ទុកតាំងពីសម័យនគរភ្នំនិងចេនឡាមក។,កត្តាដែលធ្វើអោយសម័យអង្គររីកចម្រើនគឺ: កត្តាព្រះរាជា:ព្រះរាជាចាប់ពីព្រះបាទជ័យវរ្ម័នទី 2 រហូតដល់ព្រះបាទជ័យវរ្ម័នទី 7 សុទ្ធសឹងតែជាស្ដេចខ្លាំងពូកែ កត្តានយោបាយ: នយោបាយក្នុងប្រទេស:បង្រួបបង្រួម​ កសាង និងការពារ។ នយោបាយក្រៅប្រទេស:ចងសម្ព័ន្ធមិត្តជាមួយប្រទេសធំៗដូចជាចិននិងឥណ្ឌា និងវាយយករដ្ឋតូចដាក់ជាចំណុះ កត្តាសេដ្ឋកិច្ច:ការរីកចម្រើនលើវិស័យកសិកម្ម សិប្បកម្ម គណនាគមន៍ កត្តាសាសនា:មានការឯកភាពគ្នារវាងសាសនាព្រាហ្មនិងព្រះពុទ្ធ កត្តាធនធានមនុស្សបន្សល់ទុកតាំងពីសម័យនគរភ្នំនិងចេនឡាមក។,10,10,4,1.0,0.9619140625,4,10,0,0
139,ចូរពណ៏នាពីការអភិវឌ្ឍសេដ្ឋកិច្ច សង្គម នៅកម្ពុជាពីឆ្នាំ១៩៩៣ មកទល់សព្វថ្ងៃ?,ការអភិវឌ្ឈនៅកម្ពុជា +វិស័យសេដ្ឋកិច្ច -ជួយជំរុញវិស័យកសិកម្ម ឧស្សាហកម្ម ពាណិជ្ជកម្ម ទេសចរណ៌ មានការអភិវឌ្ឈ -មានកំណើនការវិនិយោគពីឯកជនបង្កើតទុនបរទេស -មានទំនាក់ទំនងពាណិជ្ជកម្មអន្តរជាតិជាមួយអាស៊ាននិងមហាអំណាចធំៗ -មានកំណើនភ្ញៀវទេសចរណ៌ជាតិនិងអន្តរជាតិ ផ្ដល់ចំណូលដល់ប្រជាជន -កសាងហេដ្ឋារចនាសម្ព័ន្ធ មានផ្លូវថ្នល់ ស្ពានដែក កំពង់ផែ អាកាសយាន្តដ្ឋាន ដោយបំពាក់ប្រព័ន្ធទឹកភ្លើងពីទីក្រុងទៅជនបទ +វិស័យសង្គម -មានការទប់ស្កាត់សង្គ្រាម -លើកស្ទួយការគោរពសិទ្ធិមនុស្ស -ទប់ស្កាត់អំពើពុករលួយ -ធ្វើឱ្យរដ្ឋាភិបាលមានលទ្ធភាពសម្រេចផែនការនានាតាមការកំណត់ -ជួយឱ្យមានរក្សាសន្តិភាព សុខសុវត្ថិភាព -មានការអភិវឌ្ឈសាលារៀន មន្ទីរពេទ្យ -មានសមភាពយែនឌ័រក្នុងសង្គម -កម្ពុជារៀបចំកម្មវិធីធំៗថ្នាក់ជាតិ។,ពណ៌នាពីការអភិវឌ្ឍសេដ្ឋកិច្ចសង្គមនៅកម្ពុជាពីឆ្នាំ 1993 មកទល់សព្វថ្ងៃ៖ +សេដ្ឋកិច្ច -សេដ្ឋកិច្ចមានការរីកចម្រើនគួរកត់សម្គាល់ -មានទំនាក់ទំនងពាណិជ្ជកម្មល្អជាមួយប្រទេសក្នុងតំបន់និងអន្តរជាតិ -មានការអភិវឌ្ឈវិស័យកសិកម្ម ឧស្សាហកម្ម ពាណិជ្ជកម្ម -ជំរុញឱ្យមានការតំឡើងបចេ្ចកវិទ្យាក្និងវិស័យឧស្សាហកម្ម -កសាងកំពង់ផែស្វ័យត -ការអភិវឌ្ឈលើគ្រប់តំបន់ឧស្សាហកម្ម។ +សង្គម -ប្រជាជនកម្ពុជាទទួលបានសន្តិភាពពេញលេញ។,10,5,2,0.5,0.92431640625,4,9,2,4
140,បុព្វហេតុអ្វីខ្លះដែលនាំឲ្យអាណាចក្រចេនឡាបែកបាក់ជាពីរគឺអាណាចក្រចេនឡាដីគោកនិងចេនឡាទឹកលិច?,បុព្វហេតុដែលនាំហើយអាណាចក្រចេនឡាបែកជាពីរគឺ -វិសាលភាពទឹកដីធំទូលាយ -ចម្បាំងអត់ឈប់ឈរ -សមន្ដរដ្ឋបះបោរចង់ផ្ដាច់ខ្លួន -វិបត្តិផ្ទៃក្នុង -ព្រះនាងជ័យទេវីគ្មានសមត្ថភាពគ្រប់គ្រង។,បុព្វហេតុដែលនាំហើយអាណាចក្រចេនឡាបែកជាពីរគឺ -វិសាលភាពទឹកដីធំទូលាយ -ចម្បាំងអត់ឈប់ឈរ -សមន្ដរដ្ឋបះបោរចង់ផ្ដាច់ខ្លួន -វិបត្តិផ្ទៃក្នុង -ព្រះនាងជ័យទេវីគ្មានសមត្ថភាពគ្រប់គ្រង។,7,7,4,1.0,0.91650390625,4,6,0,1
141,តើឧស្សាហកម្មមានតួនាទីដូចម្ដេចខ្លះចំពោះសេដ្ឋកិច្ចជាតិ?,ឧស្សាហកម្មមាន​តួនាទីចំពោះសេដ្ឋកិច្ចជាតិដូចជា ៖ ​ _ ជួយបង្កើតថវិការជាតិ ​ _ ជួយបង្កើតទិន្នផលជាតិ ​​ _ ជួយឲ្យសេដ្ឋកិច្ចជាតិរីកចម្រើន  _ ប្រជាជនសំបូរធូរធារ  _អភិវឌ្ឍគ្រប់វិស័យ  _ មានទំនាក់ទំនងល្អជាមួយអ្នកជិតខាង  _ មានភាពរុងរឿងនៅក្នុងប្រទេសជាតិ។,ឧស្សាហកម្មមានតួនាទីចំពោះសេដ្ឋកិច្ចដូចជា៖ -កម្ពុជា សំបូរ ទៅដោយដីដែលមានជីវជាតិល្អចំណេញ -ការដំណាំគ្រប់ប្រភេទប្រទេសកម្ពុជាមានអាកាសធាតុត្រូពិកក្តៅហើយ វាជាភាពងាយស្រួលក្នុងការដំណាំផ្លែឈើលូតលាស់បានល្អ -ប្រទេសកម្ពុជាយើងភាគច្រើនរកបរបរ កសិកម្ម -ការដាំដុះស្រូវនាំចេញទៅក្រៅប្រទេសរាងជារៀងរាល់ឆ្នាំ -ប្រជាកសិករស្ទើរតែទាំងស្រុងទៅហើយ ដែលភាគច្រើនជ្រើសរើសយកការធ្វើស្រែចម្ការ នៅព្រឹក -នៅកម្ពុជាមានចំនួនអ្នកធ្វើស្រែកសិកម្មដាំដុះរហូតទៅដល់ចិតសិបពីរចិតសិបបីភាគរ -យកម្ពុជាមានដំណាំដាំដះុ ជារាប់រយប្រភេទ។,15,10,3,0.6666666666666666,0.8740234375,3,13,0,3
142,ដូចម្តេចដែលហៅថាមេយ៉ូស? ចូរនិយាយពីវគ្គផ្សេងៗនៃមេយ៉ូស។,មេយ៉ូសជាសំណុំនៃចំណែកកោសិកាពីរដងបន្តបន្ទាប់គ្នាដែលបង្កើតបានជាកោសិកាអាលូអុីតបួន ហៅថាមេយ៉ូស ។ _តេឡូផាស1 ស៊ីតូប្លាសចែកខ្លួនបានជាកោសិកាកូនពីរ ។កោសិកាកូននីមួយៗទទួលបានក្រូម៉ូសូម តែមួយពីរគូអូម៉ូឡូក ។ _ប្រផាស1 មានរយៈពេលវែង ។ _អាណាផាស1 ក្រូម៉ូសូមដំរៀបលើផ្លាស់ភ្ជាប់នឹងក្រយ៉ូងក្រូម៉ាទិចដោយសង់ក្រូងទ័ររបស់វា ។ _តេឡូផាស2 ក្រូម៉ូមនីមួយៗបានមកដល់ប៉ូលភ្នាស _មេតាផាស2 ក្រូម៉ូសូមប្រេះតាមបណ្ដោយភ្ជាប់ខ្លួនទៅនិងក្រយ៉ងក្រូម៉ាទិចដោយសង់ _ប្រូដាស2 ត្តយ៉ងអាក្រូម៉ាទិតកើតមានក្នុងកោសិកាគូនីមួយៗ _អាណាផាស2 សង់ក្រូម៉ែធ្វើចំណែកដែលនាំអោយក្រូម៉ាទិចបងប្អូនដាច់ចេញពីគ្នា ។បន្ទាប់មក ក្រូម៉ូសូមកូនទាំង2ធ្វើដំណើរឆ្ពោះទៅប៉ូលផ្ទុយគ្នារបស់ត្រយ៉ូងអាក្រូម៉ាទិច ។,មេយ៉ូសជាសំណុំនៃចំណែកកោសិកាពីរដងបន្តបន្ទាប់គ្នាដែលបង្កើតបានជាកោសិកាអាលូអុីតបួន ហៅថាមេយ៉ូស ។ _តេឡូផាស1 _ប្រផាស1  _អាណាផាស1 _មេតាផាស1 _ប្រូដាស2  _អាណាផាស2 _មេតាផាស2 _តេឡូផាស2,10,4,2,0.4,0.55126953125,2,6,0,2
143,ហេតុអ្វីបានជាផ្នែកឯកជនជាកម្លាំងដ៏សំខាន់សម្រាប់វិនិយោគនិងធ្វើឲ្យមានកំណើនសេដ្ឋកិច្ចក្នុងប្រទេស?,បានជាផ្នែកឯកជនជាកម្លាំងដ៏សំខាន់សម្រាប់វិនិយោគនិងធ្វើឲ្យមានកំណើនសេដ្ឋកិច្ចក្នុងប្រទេស ព្រោះប្រទេសកម្ពុជាជាប្រទេសអភិវឌ្ឍន៍ សេដ្ឋកិច្ចទីផ្សារដោយបានធ្វើកំណែទម្រង់សហគ្រាសឧស្សាហកម្មឲ្យក្លាយទៅជាកម្មសិទ្ធិឯកជន ។ សេដ្ឋកិច្ចទីផ្សារសេរីនេះនាំឲ្យអ្នករកស៊ីបរទេសចូលចិត្តមកវិនិយោគ ហើយកាលណាផ្នែកឯកជនរឹងមាំមកវិនិយោគ ហើយកាលណាផ្នែកឯកជនមិនរឹងមាំអាចបំពេញបន្ថែមវិនិយោគនិងវិស័យសង្គមកិច្ចមានន័យថាវិស័យឯកជនស្រូបយកកម្លាំងការងារកាន់តែកើនឡើង។,ជាផ្នែកឯកជនជាកម្លាំងសម្រាប់វិនិយោគនិងធ្វើឲ្យមានកំណើនសេដ្ឋកិច្ចព្រោះ កម្ពុជាជាប្រទេសអនុវត្តសេដ្ឋកិច្ចសេរីរាប់ចាប់ពីឆ្នាំមួយពាន់ប្រាំបួនរយកៅសិបបីដែលបានធ្វើកំណែទម្រង់សហគ្រាសក្លាយទៅជាកម្មសិទ្ធិឯកជន សេដ្ឋកិច្ចទីផ្សារសេរីនាំឲ្យ ពីបរទេសចូលចិត្តមកវិនិយោគ ការណ៏ផ្នែកឯកជនរឹងមាំអាចបំពេញកន្លែងវិនិយោគសាធារណៈក្នុងវិស័យសង្គមមានន័យថាវិស័យឯកជនអាចស្រូបយកកម្លាំងកាន់តែច្រើនឡើង។,15,5,1,0.3333333333333333,0.90283203125,4,14,3,9
144,តើគេចែកប្រូទីសជាប៉ុន្មានក្រុម?អ្វីខ្លះ?,ប្រូទីសសត្វចែកជា 4 ក្រុមតាមរបៀបរស់នៅនឹងផ្លាស់ទីរបស់វា  +ប្រូតូសូអ៊ែផ្លាស់ទីដោយជើងបញ្ឆោត: អាមីប +ប្រូតូសូអ៊ែផ្លាស់ទីដោយផ្លាសែល : សាឌីយ៉ា +ប្រូតូសូអ៊ែបន្តពូជតាមរយ:ស្ប៉ :ស្ប៉រ៉ូសូអ៊ែ។,គេចែកប្រូទីសសត្វជា 4ប្រភេទគឺ-ប្រូទីសផ្លាស់ទីដោយជើងបញ្ឆោត : អាមីប-ប្រូទីស ផ្លាស់ទីដោយរោមញ័រ : ប៉ារ៉ាមេសុី-ប្រូទីសផ្លាស់ទីដោយ ប្លាសែល-ប្រូទីសផ្លាស់ទីដោយ ស្ប៉។,8,4,2,0.5,0.65234375,3,5,1,1
145,តើសម័យឧដុង្គចាប់ពីឆ្នាំណាដល់ឆ្នាំណា?ហេតុអ្វីបានជាប្រទេសកម្ពុជាធ្លាក់ចុះខ្សោយកាន់តែខ្លាំងនៅសម័យឧដុង្គ។ចូរពន្យល់,សម័យឧដុង្គចាប់ពីឆ្នាំ បានជាប្រទេសកម្ពុជាធ្លាក់ចុះខ្សោយកាន់តែខ្លាំងនៅសម័យឧដុង្គព្រោះ សង្គ្រាមផ្ទៃក្នុងញឹកញាប់និងការជាវជ្រៀតជ្រែកពីសៀមនិងយួន ការប្រកួតប្រជែងដណ្ដើមរាជ្យបានឡើងក្នុងចំណោមព្រះរាជវង្សានុវង្ស បែកបាក់សាមគ្គីផ្ទៃក្នុងគ្មានការសាមគ្គីរួបរួមនៅក្នុងប្រទេសជិតខាង កម្ពុជាត្រូវបែកជាពីរផ្នែកដោយសារសៀមត្រួតត្រាផ្នែកខាងលិចបាត់ដំបងសៀមរាបត្រួតត្រាខាងត្បូង បាត់បង់ទឹកដីដោយសារខេត្តជាច្រើននៅភាគខាងលិចបាត់ដំបងសៀមរាបមង្គលបុរី ត្រូវបានធ្លាក់ក្នុងកណ្ដាប់ដៃសៀមនៅឆ្នាំនិងមុនបាត់បង់ដីភាគខាងកើតនៅវៀតណាម សេដ្ឋកិច្ចពឹងផ្អែកលើវិស័យកសិកម្មបុរាណដែល សួយសារអាករឲ្យគេ ចំណែកវប្បធម៌វិញវត្តអារាមត្រូវបានបំផ្លិចបំផ្លាញ ប្រទេសជាតិខ្សោយគ្មានកម្លាំងទប់ទល់នឹងការវាយលុកពីខាងក្រៅមន្ត្រីក្បត់ជាតិច្រើន ដោយសារ រាជវង្សផ្ទៃក្នុងការដណ្ដើមអំណាចគ្នា។,សម័យឧដុង្គចាប់ពីឆ្នាំ ១៦២០-១៨៦៣។ បានជាប្រទេសកម្ពុជាធ្លាក់ចុះខ្សោយកាន់តែខ្លាំងនៅសម័យឧដុង្គព្រោះមានសង្គ្រាមជាបន្តបន្ទាប់ជាមួយនឹងសៀមដែលធ្វើឲ្យប្រទេសបាត់បង់ធនធានមនុស្សនិងទ្រព្យសម្បត្តិយ៉ាង ធ្ងន់ធ្ងរជាមួយនឹងសៀម។,15,8,2,0.5333333333333333,0.56396484375,2,8,0,0
146,តើផ្សិតមានរូបរាងខុសៗគ្នាអាស្រ័យនឹងអ្វី? ស្រូបសារធាតុចិញ្ចឹមតាមរយៈអ្វី?,ផ្សិតមានរូបរាងខុសៗគ្នាអាស្រ័យនឹងការតម្រៀបអុីបរបស់វា។ផ្សិតស្រូបសារធាតុចិញ្ចឹមតាមរយ:អុីបដែលដុះចូលទៅក្នុងប្រភពអាហារ។,ផ្សិតមានរូបរាងខុសៗគ្នាអាស្រ័យនឹងការតម្រៀបអុីបរបស់វា។ផ្សិតស្រូបសារធាតុចិញ្ចឹមតាមរយ:អុីបដែលដុះចូលទៅក្នុងប្រភពអាហារ។,10,10,4,1.0,0.66845703125,3,7,1,3
147,តើថ្ងៃរំដោះ៧មករា១៩៧៩ មានអត្ថន័យយ៉ាងណាខ្លះចំពោះប្រវត្តិសាស្ត្រកម្ពុជា?,ថ្ងៃរំដោះ 7 មករា 1979 មានអត្ថន័យជាប្រវត្តិសាស្រ្តដូចជា÷ -ជាថ្ងៃដែលប្រជាជនរួចផុតពីរបបប្រល័យពូជសាសន៍ -ជាថ្ងៃដែលរបបកម្ពុជាប្រជាធិបតេយ្យដួលរលំ -ជាថ្ងៃកំណើតទី 2 របស់ប្រជាជនខ្មែរ -ជាថ្ងៃដែលកងទ័ពរណសិរ្យសាមគ្គីនិងកងទ័ពរំដោះប្រជាជន បានរំដោះប្រជាជនចេញពីរបបប្រល័យពូជសាស្ត្រកម្ពុជា។,ការចំពោះថ្ងៃ ៧ មករា ១៩៧៩ មានអត្ថន័យចំពោះប្រវត្តិសាស្ត្រកម្ពុជាដូចជា៖ -ជាថ្ងៃដែលប្រជាជនរួចផុតពីរបបប្រល័យពូជសាសន៍ ប៉ុល ពត ទាំងស្រុង -ជាថ្ងៃដែលប្រជាជនរស់មានសេរីភាព និងជួបជុំគ្រួសារ។ -ជាថ្ងៃជ័យជំនះរបស់សម្តេច ហ៊ុន សែន ទៅលើរបបខ្មែរក្រហម។ -ប្រជាជនរួចផុតពីការរស់នៅរងទុក្ខវេទនា។ -ប្រជាជនមានអាហារបរិភោគគ្រប់គ្រាន់ឡើងវិញ។ -ប្រជាជនលែងរស់នៅក្រោមការគាប់សង្គាត់ជីះជាន់ពីសំណាក់ខ្មែរក្រហម។ -ជាថ្ងៃសម្រាប់រំលឹកយុវជនជំនាន់ក្រោយអោយដឹងពីការរស់នៅរងទុក្ខវេទនារបស់ប្រជាជនក្នុងរបបខ្មែរក្រហម។,8,8,4,1.0,0.9521484375,4,8,0,0
148,តើអាមីបរស់នៅកន្លែងណា ?វាបង្កជំងឺអ្វី?,អាមីបរស់នៅកន្លែងដូចជាស្ទឹងបឹងអូរត្រពាំងទន្លេទឹកជ្រោះ។ វាបង្កជំងឺដូចជា ជំងឺរាគមួល ធ្វើឲ្យយើងចុកពោះដោយផឹកទឹកមិនស្អាត,អាមីបរស់នៅកន្លែងមិនស្អាតដូចជា ដីភក់ ទឹកកង្វក់ វាអាចរស់នៅក្នុងពោះវៀនមនុស្ស។ ហើយវាអាចបង្កជំងឺរាគរូស។,8,4,2,0.5,0.8369140625,3,7,1,3
149,តើអាមីបរស់នៅកន្លែងណា ?វាបង្កជំងឺអ្វី?,អាមីបរស់នៅកន្លែងដូចជាស្ទឹងបឹងអូរត្រពាំងទន្លេទឹកជ្រោះ។ វាបង្កជំងឺដូចជា ជំងឺរាគមួល ធ្វើឲ្យយើងចុកពោះដោយផឹកទឹកមិនស្អាត,អាមីបរស់នៅកន្លែងមិនស្អាតដូចជា ដីភក់ ទឹកកង្វក់ វាអាចរស់នៅក្នុងពោះវៀនមនុស្ស។ ហើយវាអាចបង្កជំងឺរាគរូស។,8,8,4,1.0,0.8369140625,3,7,1,1
150,តើថ្ងៃរំដោះ៧មករា១៩៧៩ មានអត្ថន័យយ៉ាងណាខ្លះចំពោះប្រវត្តិសាស្ត្រកម្ពុជា?,ជាថ្ងៃដែលប្រជាជនខ្មែររួចផុតពីសង្គ្រាមនិងការសម្លាប់ -ជាថ្ងៃដែលប្រជាជនខ្មែរស្គាល់ច្បាប់ពីតម្លៃនៃសន្តិភាព -ជាថ្ងៃដែលប្រជាជនខ្មែរស្គាល់ច្បាប់ពីតម្លៃនៃសន្តិភាព -ប្រទេសកម្ពុជាទទួលបានអធិបតេយ្យភាពនិងបូរណាភាពទឹកដី -ប្រទេសកម្ពុជាទទួលបានឯករាជ្យ -ប្រទេសកម្ពុជាអាចអភិវឌ្ឍន៍ប្រទេសជាតិរបស់ខ្លួន -ប្រទេសកម្ពុជាអាចឈរស្មើមុខមាត់លើឆាកអន្តរជាតិ -ប្រទេសកម្ពុជាកសាងនិងស្ដាយប្រទេសជាតិខ្លួនឯងឡើងវិញ -ប្រទេសកម្ពុជាអាចធ្វើទំនាក់ទំនងជាមួយបណ្ដាប្រទេសនានា.,ថ្ងៃរំដោះ៧មករា១៩៧៩ មានអត្ថន័យយ៉ាងណាខ្លះចំពោះប្រវត្តិសាស្ត្រកម្ពុជាដូចជា -ធ្វើឱ្យកូនខ្មែរជំនាន់ក្រោយបានដឹងនឹងបានស្គាល់ពីរបបផ្ដាច់ការ -ជារបបដែលជិះជាន់និងឲ្យធ្វើការរហូតដល់ថ្ងៃស្ដាប់និងសម្លាប់យ៉ាងឃោរឃៅបំផុត។ -ធ្វើឱ្យប្រជាជនមានសិទ្ធិសេរីភាពឡើងវិញនឹងបានរស់នៅជាជួបជុំគ្រួសារ។ -ឱ្យកូនខ្មែរស្គាល់ពីរបបដែលសម្លាប់ប្រជាជនរបស់ខ្លួនទាំងអស់ជាច្រើនលានអ្នក -ជាតិជាថ្ងៃដែលកម្ពុជាស្ដារឈ្មោះឡើងវិញ -ជាថ្ងៃដែលប្រទេសកម្ពុជាបានសេដ្ឋកិច្ចឡើងវិញគ្រប់វិស័យ -ជាថ្ងៃដែលប្រទេសកម្ពុជាមានសិទ្ធឈរលើឆាកអន្តរជាតិ។,8,7,4,0.875,0.89404296875,4,7,0,0
151,តើព្រះបាទពញាយ៉ាតមានបុត្រប៉ុន្មានអង្គព្រះនាមអ្វីខ្លះ?ជាមួយអ្នកម្នាងណាខ្លះ?,ព្រះបាទពញាយ៉ាតមានបុត្របីអង្គគឺ នារាយណ៍រាជា ជាបុត្រជាមួយម្នាងទេវី ស្រីរាជាជាបុត្រជាមួយបុទុមកេសរ និងធម្មរាជាជាបុត្រជាមួយសុីសង៉ាម(បុត្រីស្ដេចសៀម)។,ព្រះបាទពញាយ៉ាតមានបុត្របីនាក់ធម្មរាជាស្រីសុរិយោពណ៌ស្រីរាជា។,5,3,2,0.6,0.58984375,2,3,0,0
152,បុព្វហេតុអ្វីខ្លះដែលនាំឲ្យអាណាចក្រចេនឡាបែកបាក់ជាពីរគឺអាណាចក្រចេនឡាដីគោកនិងចេនឡាទឹកលិច?,បុព្វហេតុដែលនាំហើយអាណាចក្រចេនឡាបែកជាពីរគឺ -វិសាលភាពទឹកដីធំទូលាយ -ចម្បាំងអត់ឈប់ឈរ -សមន្ដរដ្ឋបះបោរចង់ផ្ដាច់ខ្លួន -វិបត្តិផ្ទៃក្នុង -ព្រះនាងជ័យទេវីគ្មានសមត្ថភាពគ្រប់គ្រង។,បុព្វហេតុដែលនាំហើយអាណាចក្រចេនឡាបែកជាពីរគឺ -វិសាលភាពទឹកដីធំទូលាយ -ចម្បាំងអត់ឈប់ឈរ -សមន្ដរដ្ឋ -វិបត្តិផ្ទៃក្នុង -ព្រះនាងជ័យទេវីគ្មានសមត្ថភាពគ្រប់គ្រង។,7,7,4,1.0,0.91650390625,4,6,0,1
153,ចូរនិយាយពីកំណកាម៉ែតញី។,ការស្ថិតនៅក្រោមសារពាង្គកាយនៃពងស្វាសមានសារៈសំខាន់ដូចជាដើម្បីរក្សាសីតុណ្ហភាពឲ្យ ទាបជាងសីតុណ្ហភាពក្នុងខ្លួន ប្រហែលពី(2-3)សីតុណ្ហភាពក្នុងខ្លួន37 ។,កំណកាម៉ែនញី ដំបូងកោសិកាពូជមួយរកចម្ងាយពីរដងទម្លាប់គ្នាបានកោសិកាអូវ៉ូកូនី4 ។អូវុលរីក មាឌក្លាយជាអូវូស៊ីត1 ។អូវ៉ូស៊ីតមួយរងចំណែកមួយនៃមេយ៉ូសហើយត្រូវបានជាប់គាំងនៅចុង វគ្គមួយ ។,10,5,2,0.5,0.4970703125,2,5,0,0
154,តើផ្សិតមានរូបរាងខុសៗគ្នាអាស្រ័យនឹងអ្វី? ស្រូបសារធាតុចិញ្ចឹមតាមរយៈអ្វី?,ផ្សិតមានរូបរាងខុសៗគ្នាអាស្រ័យនឹងការតម្រៀបអុីបរបស់វា។ផ្សិតស្រូបសារធាតុចិញ្ចឹមតាមរយ:អុីបដែលដុះចូលទៅក្នុងប្រភពអាហារ។,ផ្សិតមានរូបរាងខុសៗគ្នាអាស្រ័យនឹងការតម្រៀបអុីបរបស់វា។ផ្សិតស្រូបសារធាតុចិញ្ចឹមតាមរយ:អុីបដែលដុះចូលទៅក្នុងប្រភពអាហារ។,10,8,3,0.8,0.66845703125,3,7,0,1
155,ហេតុអ្វីបានជាផ្នែកឯកជនជាកម្លាំងដ៏សំខាន់សម្រាប់វិនិយោគ និងធ្វើឲ្យមានកំណើនសេដ្ឋកិច្ចក្នុងប្រទេស?,បានជាផ្នែកឯកជនជាកម្លាំងដ៏សំខាន់សម្រាប់កំណើនសេដ្ឋកិច្ចកម្ពុជាព្រោះ -កម្ពុជាបានអនុវត្តសេដ្ឋកិច្ចទីផ្សារសេរីដោយបានធ្វើកំណែទម្រង់ពីសហគ្រាសរដ្ឋឲ្យក្លាយទៅជាកម្មសិទ្ធិឯកជន -សេដ្ឋកិច្ចទីផ្សារសេរីនាំឲ្យអ្នករកស៊ីចូលចិត្តមករកស៊ីនិងដាក់វិនិយោគទុន -កាលណាភ្នែកឯកជនរឹងមាំអាចជួយបំពេញបន្ថែមលើវិនិយោគសាធារណៈក្នុងវិស័យសេដ្ឋកិច្ចគឺផ្នែកឯកជនអាចស្រូបយកកម្លាំងពលកម្មកើនឡើង។,បានជាផ្នែកឯកជនជាកម្លាំងដ៏សំខាន់សម្រាប់វិនិយោគនិងធ្វើឲ្យមានកំណើនសេដ្ឋកិច្ចក្នុងប្រទេសដូចជា៖ -ធ្វើឲ្យងាយស្រួលដល់ជនបរទេសមកធ្វើវិនិយោគក្នុងប្រទេស -ក្រុមហ៊ុនឯកជនងាយស្រួលដល់រដ្ឋដោយរដ្ឋមិននង់ថ្លៃមើលថែរ -រដ្ឋអាចប្រមូលលុយពីក្រុមឯកជន -បង្កើនការងារជាច្រើនដល់ប្រជាជន -ប្រជាជនអាចធ្វើការងារបានងាយស្រួលមិនពិបាកដល់រដ្ឋដោយមិនចាំបាច់រៀនចំការងារជូនប្រជាជន -ធ្វើឲ្យទៅដោយអ្នករកស៊ីក្រៅនិងក្នុងប្រទេស -ទាក់ទាញដល់ជនបរទេសដែលចង់មកធ្វើវិនិយោគនៅក្នុងប្រទេសយើង -ធ្វើឲ្យអ្នកវិនិយោគក្នុងពិភពលោកងាលមកធ្វើវិនិយោគធ្វើកើនឡើងបាន។,15,8,2,0.5333333333333333,0.60400390625,2,9,0,1
156,ចូរប្រៀបធៀបលក្ខណៈខុសគ្នានៃផ្សិត និងរុក្ខជាតិ។,លក្ខណៈខុសគ្នានៃផ្សិតនិងរុក្ខជាតិ +ផ្សិត  -ផ្សិតបន្តពូជតាមរយៈស្ប៉ -ផ្សិតមិនធ្វើរស្មីសំយោគ -អុីប -វារស់នៅកន្លែងសើម +រុក្ខជាតិ -បន្តពូជដោយគ្រាប់ -វាត្រូវការធ្វើរស្មីសំយោគ -វារស់នៅកន្លែងដែលមានពន្លឺ,លក្ខណ:ខុសគ្នារវាងផ្សិត និង រុក្ខជាតិ +ផ្សិត -ជាភាវ:រស់បរជីព -មានអុីបក្រោមដី -បន្តពូជតាមរយ:ស្ប៉ +រុក្ខជាតិ -ជាភាវ:រស់ស្វ័យជីព -មានឬស -បន្តពូជតាមរយ:គ្រាប់ ។,12,6,2,0.5,0.783203125,3,9,1,3
157,ហេតុអ្វីបានជាមនុស្សស្រូបយកខ្យល់ដែលមានកាបូនម៉ណូអុកស៊ីតអាចបង្កគ្រោះថ្នាក់ដល់ស្លាប់បាន?,បានជាមនុស្សស្រូបយកខ្យល់ដែលមានកាបូនម៉ូណូអុកស៊ីដអាចបង្កឲ្យមានគ្រោះថ្នាក់ដល់ស្លាប់ បានព្រោះកាបូនម៉ូណូអុកស៊ីដមានសមត្ថភាពចាប់យក ក្នុងឈាមបានខ្លាំងជាងអុកស៊ីសែន វារារាំងឈាមមិនឲ្យដឹកនាំអុកស៊ីសែនទៅចិញ្ចឹមសរីរាង្គជាពិសេសខួរក្បាលដែលបណ្តាលឲ្យ ស្លាប់និង សន្លប់ ។,បានជាមនុស្សស្រូបយកខ្យល់ដែលមានកាបូនម៉ូណូអុកស៊ីដអាចបង្កឲ្យមានគ្រោះថ្នាក់ដល់ស្លាប់ បានព្រោះកាបូនម៉ូណូអុកស៊ីដមានសមត្ថភាពចាប់យក ក្នុងឈាមបានខ្លាំងជាងអុកស៊ីសែន វារារាំងឈាមមិនឲ្យដឹកនាំអុកស៊ីសែនទៅចិញ្ចឹមសរីរាង្គជាពិសេសខួរក្បាលដែលបណ្តាលឲ្យ ស្លាប់និង សន្លប់ ។,5,4,3,0.8,0.9169921875,4,5,1,1
158,ហេតុអ្វីបានជាផ្នែកឯកជនជាកម្លាំងដ៏សំខាន់សម្រាប់ការវិនិយោគសេដ្ឋកិច្ច?,សេដ្ឋកិច្ចកម្ពុជាពឹងផ្អែកលើវិស័យកសិកម្មជាសំខាន់ៗ 5 គឺឧស្សាហកម្មកសិកម្មពាណិជ្ជកម្មគមនាគមន៍និងទេសចរណ៍ ក៏បានជាគេនិយាយថាកម្ពុជាប្រទេសកសិកម្មនៅប្រទេសកម្ពុជាមនុស្សមួយចំនួនធំគឺធ្វើកសិកម្ម។ច្រើនសុទ្ធតែជាកសិករកម្ពុជាសម្បូរជីកសិកម្មមានជីវជាតិសម្រាប់ឲ្យយើងធ្វើកសិកម្មចិញ្ចឹមសត្វនិងការដណ្ដប់ជួយបង្កើនចំណូលជូនជាងការងារចេញនៅក្រៅប្រទេសស្ករស្រូវដំឡូងកៅស៊ូ ខ. គេចែកកសិករទាំងនេះជាបួនប្រភេទកសិករតំបន់វាលខ្ពស់កសិករធ្វើស្រែឬមិនធ្វើស្រែកសិករភូមិភាគឥសានកសិករធ្វើតែស្រែ,សេដ្ឋកិច្ចកម្ពុជាព្រមផ្អែកលើវិស័យកសិកម្មជាសំខាន់ ក.បានជាគេនិយាយថាកម្ពុជាជាប្រទេសកសិកម្មមានដូចជា -សណ្ឋានដីមានលក្ខណៈអនុគ្រោះដល់វិស័យនេះពោលគឺសំពោងទៅដោយវាលទំនាបនិងខ្ពង់រាបទាបៗ ប្រកបដោយជីជាតិល្អសម្រាប់ការដាំដុះការចិញ្ចឹមសត្វនិងព្រៃឈើ -កម្ពុជាស្ថិតនៅក្បែរតំបន់ត្រូពិចដែលមានអាកាសធាតុក្តៅហើយសើមដោយទទួលនៅរបបខ្យល់មួយសង់មានភ្លៀងធ្លាក់ច្រើននិងមានកម្ដៅគ្រប់គ្រាន់សម្រាប់ដាំដុះចិញ្ចឹមសត្វនិងនេសាទ -វិស័យនេះបានផ្តល់ការងារដល់ប្រជាជនច្រើនជាងគេ  -ជាប្រភពនៃស្បៀងអាហារសម្រាប់ប្រជាជនគ្រប់រូប  -កាត់បន្ថយអត្រាអត់ការងារធ្វើរបស់ប្រជាជន -កាត់បន្ថយភាពក្រីក្រ។ ខ.គេចែកកសិករទាំងនោះជា,15,10,3,0.6666666666666666,0.71728515625,3,11,0,1
159,តើឧស្សាហកម្មមានតួនាទីដូចម្ដេចខ្លះចំពោះសេដ្ឋកិច្ចជាតិ?,ឧស្សាហកម្មមាន​តួនាទីចំពោះសេដ្ឋកិច្ចជាតិដូចជា ៖ ​ _ ជួយបង្កើតថវិការជាតិ ​ _ ជួយបង្កើតទិន្នផលជាតិ ​​ _ ជួយឲ្យសេដ្ឋកិច្ចជាតិរីកចម្រើន  _ ប្រជាជនសំបូរធូរធារ  _អភិវឌ្ឍគ្រប់វិស័យ  _ មានទំនាក់ទំនងល្អជាមួយអ្នកជិតខាង  _ មានភាពរុងរឿងនៅក្នុងប្រទេសជាតិ។,ឧស្សាហកម្មមានតួនាទីចំពោះសេដ្ឋកិច្ចដូចជា -ផ្តល់កាងារឲ្យប្រជាជនធ្វើ -ផ្ដល់ចំណូលដល់សេដ្ឋកិច្ចជាតិមាន២៣.៨%ឆ្នាំ២០០៨ -ផ្ដល់ផលិតផលសម្រាប់នាំចេញ -ផ្ដល់ផលិតផលសម្រាប់ប្រើប្រាស់ -ជួយរក្សាលំនឹងជញ្ជីងពាណិជ្ជកម្ម។,15,15,4,1.0,0.90771484375,4,14,0,1
160,បុព្វហេតុអ្វីខ្លះដែលនាំឲ្យអាណាចក្រចេនឡាបែកបាក់ជាពីរគឺអាណាចក្រចេនឡាដីគោកនិងចេនឡាទឹកលិច?,បុព្វហេតុដែលនាំហើយអាណាចក្រចេនឡាបែកជាពីរគឺ -វិសាលភាពទឹកដីធំទូលាយ -ចម្បាំងអត់ឈប់ឈរ -សមន្ដរដ្ឋបះបោរចង់ផ្ដាច់ខ្លួន -វិបត្តិផ្ទៃក្នុង -ព្រះនាងជ័យទេវីគ្មានសមត្ថភាពគ្រប់គ្រង។,បុព្វហេតុដែលនាំហើយអាណាចក្រចេនឡាបែកជាពីរគឺ -វិសាលភាពទឹកដីធំទូលាយ -ចម្បាំងអត់ឈប់ឈរ -សមន្ដរដ្ឋបះបោរចង់ផ្ដាច់ខ្លួន -វិបត្តិផ្ទៃក្នុង -ព្រះនាងជ័យទេវីគ្មានសមត្ថភាពគ្រប់គ្រង។,7,7,4,1.0,0.91650390625,4,6,0,1
161,តើសេដ្ឋកិច្ចកម្ពុជាពឹងផ្អែកលើវិស័យអ្វីជាសំខាន់?     ក/ ហេតុអ្វីបានជាគេនិយាយថាកម្ពុជាជាប្រទេសកសិកម្ម?     ខ/ តើគេចែកកសិករជាប៉ុន្មានប្រភេទ?អ្វីខ្លះ?,សេដ្ឋកិច្ចកម្ពុជាពឹងផ្អែកលើវិស័យកសិកម្មជាសំខាន់។   ក/ បានជាគេនិយាយថាកម្ពុជាជាប្រទេសឧស្សាហកម្មព្រោះ៖  _  សណ្ឋានដី : ដីមានជីវជាតិល្អនិងសម្បូរទំនាបល្បាប់   _ ផ្លូវទឹក : ផ្លូវទឹកខ្វាត់ខ្វែងងាយស្រួលដល់ការដាំដុះ  _ ប្រជាជន : ប្រជាជនខ្មែរភាគច្រើនចូលចិត្តធ្វើកសិកម្ម  _ អាកាសធាតុ : ទទួលអាកាសធាតុក្តៅសើម  _ កសិកម្មផ្តល់ផល50%នៃផលិតផលជាតិសរុប។  ខ/ គេចែកកសិករទាំងនោះជា4ប្រភេទគឺ៖  _ កសិករធ្វើស្រែឬអ្នកស្រែ : និយមធ្វើស្រែ ស្រូវប្រាំង ស្រូវវស្សា ស្រូវឡើងទឹក  _ កសិករតំបន់ដីខ្ពស់ : គេដាំដំណាំជាអចិន្ត្រៃយ៍(ពោត ដំឡូង ចេក កៅស៊ូសណ្តែក)  _ កសិករធ្វើចម្ការដំណាំស្រូវ : គេដាំដំណាំតាមមាត់ទន្លេ ចិញ្ចឹមសត្វនិងនេសាទ  _ កសិករភូមិភាគឦសាន: គេធ្វើដំណាំព្រៃដុតមានដូចជាពោត ដំឡូង ស្រូវរុក្ខជាតិយកមើមដទៃទៀត និងបរបាញ់សត្វផងដែរ។,សេដ្ឋកិច្ចជាតិផ្អែកលើវិស័យកសិកម្មជាសំខាន់ព្រោះវិស័យនេះសំខាន់ដល់ជាតិដូចជា៖  -មានលក្ខណៈអនុគ្រោះដល់អ្នកវិភាគវិស័យនេះពោលគឺសម្បូរទៅដោយឡែក រាបនិងខ្ពស់រាបស្មើប្រកបដោយក្តីជីវជាតិល្អសម្រាប់ការដាំដុះការចិញ្ចឹមសត្វនិងព្រៃឈើ -កម្ពុជាឋិតនៅក្នុង តំបន់ត្រូពិកដែលអាកាសធាតុ នឹងខ្យល់ហើយទទួលបានពីខ្យល់មូសុងមានភ្លៀងធ្លាក់ច្រើននិងមានកម្ដៅគ្រប់គ្រាន់ សម្រាប់ដាំដុះចិញ្ចឹមសត្វនិងនេសាទ -វិស័យនេះផ្ដល់ជូនការងារប្រជាជនជាច្រើន ជាប្រភពស្បៀងអាហារជាប្រភពនៃវត្ថុធាតុដើមសម្រាប់ឧស្សាហកម្មក្នុងស្រុកនិងដើមចេញ ច្រើនជាងគេ -ការកាត់បន្ថយអត់ការងារធ្វើរបស់ប្រជាជន -ការកាត់បន្ថយភាពក្រក្រី ប្រជាជន  -គេបែកចែកកសិករ ទាំងនោះជាបួនប្រភេទកសិករ។  ដំណាំស្រូវកសិករស្រែចម្ការការ ដំណាំពោតសណ្តែក -ដំណាំចេញផលទៅលក់នៅទីផ្សារ -ការដាំដំណាំដោយធម្មជាតិគ្មានប្រើប្រាស់ជីគីមី -កសិករធ្វើស្រែចម្ការនេះមិនសំដៅទៅលើកសិករដែលធ្វើដំណាំស្រូវទេនោះគឺសំដៅទៅលើការដាំដំណាំហូបផ្លែ នាំចេញផលិតផលទៅក្រៅស្រុក +កសិករដំណាំស្រូវ -ការដាំដំណាំស្រូបយកអង្ករ -គ្រួសារខ្លះធ្វើស្រូវដាំសម្រាប់ផ្គត់ផ្គង់គ្រួសារតែគ្រួសារខ្លះទៀតធ្វើស្រូវសម្រាប់លក់ខ្លះនិងទុកហូបខ្លះ -ការដាំស្រូវជាតម្រូវការរបស់ប្រជាជនខ្មែរទាំងអស់។,20,20,4,1.0,0.646484375,3,13,1,7
162,ហេតុអ្វីបានជាមនុស្សស្រូបយកខ្យល់ដែលមានកាបូនម៉ណូអុកស៊ីតអាចបង្កគ្រោះថ្នាក់ដល់ស្លាប់បាន?,បានជាមនុស្សស្រូបយកខ្យល់ដែលមានកាបូនម៉ូណូអុកស៊ីដអាចបង្កឲ្យមានគ្រោះថ្នាក់ដល់ស្លាប់ បានព្រោះកាបូនម៉ូណូអុកស៊ីដមានសមត្ថភាពចាប់យក ក្នុងឈាមបានខ្លាំងជាងអុកស៊ីសែន វារារាំងឈាមមិនឲ្យដឹកនាំអុកស៊ីសែនទៅចិញ្ចឹមសរីរាង្គជាពិសេសខួរក្បាលដែលបណ្តាលឲ្យ ស្លាប់និង សន្លប់ ។,បានជាមនុស្សស្រូបយកខ្យល់ដែលមានកាបូនម៉ូណូអុកស៊ីដអាចបង្កឲ្យមានគ្រោះថ្នាក់ដល់ស្លាប់ បានព្រោះកាបូនម៉ូណូអុកស៊ីដមានសមត្ថភាពចាប់យក ក្នុងឈាមបានខ្លាំងជាងអុកស៊ីសែន វារារាំងឈាមមិនឲ្យដឹកនាំអុកស៊ីសែនទៅចិញ្ចឹមសរីរាង្គជាពិសេសខួរក្បាលដែលបណ្តាលឲ្យ ស្លាប់និង សន្លប់ ។,5,5,4,1.0,0.9169921875,4,5,0,0
163,តើកត្តាអ្វីខ្លះដែលធ្វើអោយសម័យអង្គររីកចម្រើនដល់កំពូល?​ ចូលរៀបរាប់។,កត្តាដែលធ្វើអោយសម័យអង្គររីកចម្រើនគឺ: កត្តាព្រះរាជា:ព្រះរាជាចាប់ពីព្រះបាទជ័យវរ្ម័នទី 2 រហូតដល់ព្រះបាទជ័យវរ្ម័នទី 7 សុទ្ធតែជាស្ដេចខ្លាំងពូកែ កត្តានយោបាយ: នយោបាយក្នុងប្រទេសបង្រួបបង្រួមជាតិកសាងនិងការពារទឹកដី នយោបាយក្រៅប្រទេស:ចងសម្ព័ន្ធមិត្តជាមួយប្រទេសធំៗវាយយករដ្ឋតូចដាក់ជាចំណុះ កត្តាសេដ្ឋកិច្ច:រីកចម្រើនលើវិស័យកសិកម្មសិប្បកម្មគណនាគម កត្តាសាសនា:ការឯកភាពគ្នារវាងសាសនាព្រាហ្មនិងព្រះពុទ្ធ កត្តាធនធានមនុស្សបន្សល់ទុកតាំងពីសម័យនគរភ្នំនិងចេនឡាមក។,កត្តាដែលធ្វើអោយសម័យអង្គររីកចម្រើនគឺ: កត្តាព្រះរាជា:ព្រះរាជាចាប់ពីព្រះបាទជ័យវរ្ម័នទី 2 រហូតដល់ព្រះបាទជ័យវរ្ម័នទី 7 សុទ្ធសឹងតែជាស្ដេចខ្លាំងពូកែ,10,3,1,0.3,0.95947265625,4,10,3,7
164,ហេតុអ្វីបានជាមនុស្សស្រូបយកខ្យល់ដែលមានកាបូនម៉ណូអុកស៊ីតអាចបង្កគ្រោះថ្នាក់ដល់ស្លាប់បាន?,បានជាមនុស្សស្រូបយកខ្យល់ដែលមានកាបូនម៉ូណូអុកស៊ីដអាចបង្កឲ្យមានគ្រោះថ្នាក់ដល់ស្លាប់ បានព្រោះកាបូនម៉ូណូអុកស៊ីដមានសមត្ថភាពចាប់យក ក្នុងឈាមបានខ្លាំងជាងអុកស៊ីសែន វារារាំងឈាមមិនឲ្យដឹកនាំអុកស៊ីសែនទៅចិញ្ចឹមសរីរាង្គជាពិសេសខួរក្បាលដែលបណ្តាលឲ្យ ស្លាប់និង សន្លប់ ។,បានជាមនុស្សស្រូបយកខ្យល់ដែលមានកាបូនម៉ូណូអុកស៊ីតអាចបង្កគ្រោះថ្នាក់ដល់ស្លាប់បានគឺ ឧស្ម័នកាបូនម៉ូណូអុកស៊ីតជាឧស្ម័នពុល ។,5,2,2,0.4,0.6171875,2,3,0,1
165,ដូចម្តេចដែលហៅថាវដ្តទឹក? ចូរពន្យល់ពីដំណាក់កាលនីមួយៗ អោយបានត្រឹមត្រូវ។,ដែលហៅថាវត្តទឹកគឺការហ្វឹកហ្វុលឥតឈប់ឈរមុននឹងបង្កើតជាទឹកភ្លៀងទឹករោងនៅកម្ដៅព្រះអាទិត្យបង្កើតបានជាចំហាយទឹកខ្យល់ស្រុកយកចំហែលទឹកទៅអាកាសធ្វើឲ្យចំហាយទឹកកំណក បង្កើតបានជាពពកធ្លាក់មកជាភ្លៀងក្នុងប្រជាទឹក,ដែលហៅថាវត្តទឹកគឺជាទឹកដែលមានប្រភពមកពីទន្លេបឹងស្ទឹងព្រែកស្រះ។ដំណាក់កាលនីមួយៗនៃវត្តទឹកមានដូចជា,12,3,1,0.25,0.56298828125,2,7,1,4
166,ហេតុអ្វីបានជាផ្នែកឯកជនជាកម្លាំងដ៏សំខាន់សម្រាប់វិនិយោគ និងធ្វើឲ្យមានកំណើនសេដ្ឋកិច្ចក្នុងប្រទេស?,បានជាផ្នែកឯកជនជាកម្លាំងដ៏សំខាន់សម្រាប់កំណើនសេដ្ឋកិច្ចកម្ពុជាព្រោះ -កម្ពុជាបានអនុវត្តសេដ្ឋកិច្ចទីផ្សារសេរីដោយបានធ្វើកំណែទម្រង់ពីសហគ្រាសរដ្ឋឲ្យក្លាយទៅជាកម្មសិទ្ធិឯកជន -សេដ្ឋកិច្ចទីផ្សារសេរីនាំឲ្យអ្នករកស៊ីចូលចិត្តមករកស៊ីនិងដាក់វិនិយោគទុន -កាលណាភ្នែកឯកជនរឹងមាំអាចជួយបំពេញបន្ថែមលើវិនិយោគសាធារណៈក្នុងវិស័យសេដ្ឋកិច្ចគឺផ្នែកឯកជនអាចស្រូបយកកម្លាំងពលកម្មកើនឡើង។,បានជាផ្នែកឯកជនជាកម្លាំងដ៏សំខាន់សម្រាប់វិនិយោគ និងធ្វើឲ្យមានកំណើនសេដ្ឋកិច្ចក្នុងប្រទេសគឺដោយសារ ការវិនិយោគមានការរីកចម្រើនសម្រាប់អភិវឌ្ឍន៍ និងបង្កើតរោងចក្រសហគ្រាស ដែលថ្នូសម្រាប់ឲ្យប្រជាជនមាន ការងារធ្វើសម្រាបើជួយក្នុងបន្ទុកគ្រួសារនិងមានការរីកចម្រើនទៅលើវិស័យគ្រប់ប្រភេទ ដែលបានអភិវឌ្ឍសេដ្ឋកិច្ច ក្នងប្រទេសឲ្យមានភាពរីកចម្រើន។,15,8,2,0.5333333333333333,0.72216796875,3,11,1,3
167,ចូរនិយាយពីកំណកាម៉ែតញី។,ការស្ថិតនៅក្រោមសារពាង្គកាយនៃពងស្វាសមានសារៈសំខាន់ដូចជាដើម្បីរក្សាសីតុណ្ហភាពឲ្យ ទាបជាងសីតុណ្ហភាពក្នុងខ្លួន ប្រហែលពី(2-3)សីតុណ្ហភាពក្នុងខ្លួន37 ។,កំណកាម៉ែនញី ដំបូងកោសិកាពូជមួយរកចម្ងាយពីរដងទម្លាប់គ្នាបានកោសិកាអូវ៉ូកូនី4 ។អូវុលរីក មាឌក្លាយជាអូវូស៊ីត1 ។អូវ៉ូស៊ីតមួយរងចំណែកមួយនៃមេយ៉ូសហើយត្រូវបានជាប់គាំងនៅចុង វគ្គមួយ ។,10,5,2,0.5,0.4970703125,2,5,0,0
168,តើមូលហេតុអ្វីបានជាព្រះបាទពញាយ៉ាត ជ្រើសរើសយកចតុមុខធ្វើជារាជធានី?,បានជាព្រះបាទពញាយ៉ាតជ្រើសរើសក្រុងចតុមុខជារាជធានីព្រោះ មានទីតាំងភូមិសាស្ត្រល្អ គេចពីសត្រូវឈ្លានពានសៀម ដីមានជីវជាតិងាយស្រួលក្នុងការធ្វើកសិកម្ម ជាទីប្រសព្វនៃជំនួសទាំងផ្លូវគោកនិងផ្លូវទឹក សម្បូរផ្លូវក្នុងការធ្វើកសិកម្មនិងជំនួញ ភាពខាងត្បូងដីមានប្រជាជនច្រើននិងធនធានដើម្បីកសាងសេដ្ឋកិច្ចជាតិ។,មូលហេតុដែលព្រះពញាយ៉ាតជ្រើសរើសចតុមុខក៏ធ្វើជារាជធានីព្រោះ មានទីតាំងភូមិសាស្ត្រល្អ ទីតាំងមានដីដែលមានជីវជាតិល្អងាយស្រួលធ្វើកសិកម្ម ជាទីតាំងប្រសព្វនៃជំនួញទាំងផ្លូវទឹកនិងផ្លូវគោក សម្បូរផ្លូវទឹកសម្រាប់ធ្វើកសិកម្មនិងជំនួញ ភាគខាងត្បូងមានប្រជាជនច្រើននិងមានធនធានសម្រាប់កសាងសេដ្ឋកិច្ចផងដែរ។,10,10,4,1.0,0.912109375,4,9,0,1
169,ដូចម្តេចដែលហៅថាមេយ៉ូស? ចូរនិយាយពីវគ្គផ្សេងៗនៃមេយ៉ូស។,មេយ៉ូសជាសំណុំនៃចំណែកកោសិកាពីរដងបន្តបន្ទាប់គ្នាដែលបង្កើតបានជាកោសិកាអាលូអុីតបួន ហៅថាមេយ៉ូស ។ _តេឡូផាស1 ស៊ីតូប្លាសចែកខ្លួនបានជាកោសិកាកូនពីរ ។កោសិកាកូននីមួយៗទទួលបានក្រូម៉ូសូម តែមួយពីរគូអូម៉ូឡូក ។ _ប្រផាស1 មានរយៈពេលវែង ។ _អាណាផាស1 ក្រូម៉ូសូមដំរៀបលើផ្លាស់ភ្ជាប់នឹងក្រយ៉ូងក្រូម៉ាទិចដោយសង់ក្រូងទ័ររបស់វា ។ _តេឡូផាស2 ក្រូម៉ូមនីមួយៗបានមកដល់ប៉ូលភ្នាស _មេតាផាស2 ក្រូម៉ូសូមប្រេះតាមបណ្ដោយភ្ជាប់ខ្លួនទៅនិងក្រយ៉ងក្រូម៉ាទិចដោយសង់ _ប្រូដាស2 ត្តយ៉ងអាក្រូម៉ាទិតកើតមានក្នុងកោសិកាគូនីមួយៗ _អាណាផាស2 សង់ក្រូម៉ែធ្វើចំណែកដែលនាំអោយក្រូម៉ាទិចបងប្អូនដាច់ចេញពីគ្នា ។បន្ទាប់មក ក្រូម៉ូសូមកូនទាំង2ធ្វើដំណើរឆ្ពោះទៅប៉ូលផ្ទុយគ្នារបស់ត្រយ៉ូងអាក្រូម៉ាទិច ។,មេយ៉ូសជាសំណុំនៃចំណែកកោសិកាពីរដងបន្តបន្ទាប់គ្នាដែលបង្កើតបានជាកោសិកាអាលូអុីតបួន ហៅថាមេយ៉ូស ។ _តេឡូផាស1 _ប្រផាស1  _អាណាផាស1 _មេតាផាស2  _ប្រូដាស2,10,5,2,0.5,0.5576171875,2,6,0,1
170,តើប្រព័ន្ធផលិតកម្មកសិកម្មនៅក្នុងប្រទេសកម្ពុជាមានអ្វីខ្លះ?ចូររៀបរាប់​ ។,ប្រព័ន្ធផលិតកម្មកសិកម្មនៅប្រទេសកម្ពុជាមាន៖    _ ដំណាំ : ដំណាំស្រូវ ដំណាំកៅស៊ូ ដំណាំផ្សេងៗទៀត    _ ការចិញ្ចឹមសត្វ : ការចិញ្ចឹមសត្វលើគោក ការចិញ្ចឹមសត្វក្នុងទឹក    _ ការនេសាទ : ការនេសាទទឹកសាប ការនេសាទទឹកប្រៃ  _ ព្រៃឈើ : ផលិតផលឈើ អនុផលព្រៃឈើ(រកឃ្មុំ ជ័រទឹក វល្លិ៍ ផ្តៅ) សត្វព្រៃ ។,ប្រព័ន្ធផលិតកម្មកសិកម្មនៅប្រទេសកម្ពុជាមានដូចជា៖  _ វិស័យឧស្សាហកម្ម  _ វិស័យកសិកម្ម  _ វិស័យពាណិជ្ជកម្ម  _ វិស័យទេសចរណ៍  _ វិស័យគមនាគម៏។,10,2,1,0.2,0.56640625,2,6,1,4
171,តើកម្ពុជាមានបេតិកភណ្ឌអ្វីខ្លះ ដែលបានចុះបញ្ជីបេតិកភណ្ឌរូបី និង អរូបីពិភពលោករបស់អង្គការយូណេស្កូ? ចូររៀបរាប់ឱ្យបានប្រាំ។,កម្ពុជាមានបេតិកភណ្ឌដែលបានចុះបញ្ជីបេតិកភណ្ឌរូបី និង អរូបីពិភពលោករបស់អង្គការយូណេស្កូដូចជា     +ល្ខោនខោល     +រមណីយដ្ឋានអង្គរ     +ចាប៉ីដងវែង     +ប្រាសាទព្រះវិហហារ     +ល្ខោនស្រមោលស្បែកធំ     +របាំព្រះរាជទ្រព្យ     +ក្រមាខ្មែរ     +គុនល្បុកតោ     +រមណីយដ្ឋានសម្បូរព្រៃគុក,កម្ពុជាមានបេតិកភណ្ឌដែលបានចុះបញ្ជីបេតិ កភណ្ឌរូបិយនិងអរូបិយពិភពលោករបស់ អង្គការយូណេស្កូមានដូចជា÷ -ប្រាសាទអង្គរវត្ត  -ប្រាសាទកោះកេរ្ត៌ិ -ចាប៉ីដងវែង -ក្រមាខ្មែរ -ល្ខោនស្រមោលស្បែកតូច។,5,5,4,1.0,0.76416015625,3,4,1,1
172,តើកត្តាអ្វីខ្លះដែលបណ្ដាលឲ្យសៀមវាយបែកបន្ទាយលង្វែក?,កត្តាដែលបណ្ដាលឲ្យសៀមវាយបន្ទាយលង្វែកព្រះរាជាព្រះសត្ថាទីមួយឆោតល្ងង់ទៅជួយរំដោះក្រុងឰយុធ្យារបស់សៀមមកពីការត្រួតត្រាភូមាសៀមរមិលគុណប្រើល្បិចបញ្ជូនសល់ពីរអង្គ យកការវិបត្តិផ្ទៃក្នុងជាជួរជលសារលោករវល់ នាដើមម៉ឺនមន្ត្រីប្រជារាស្ត្រមិនពេញចិត្តដែលតែងទៅកូនអាយុដប់មួយវស្សា ឲ្យកូនរៀននៅ ក្នុងនាម មហាឧបរាជ ធ្វើឲ្យប្រជារាស្ត្របាត់បង់ស្មារតីប្រយុទ្ធប្រជារាស្ត្រខ្មែរក្រីក្រឆោតល្ងង់ចង់បានប្រាក់ដួលក៏នាំគ្នាកាប់ឆ្ការគុម្ពឫស្សីដែលជារបងការពារបន្ទាយលង្វែកដ៏រឹងមាំ រីប្រទេសខ្មែរហាក់បីដូចជាបាត់បង់សាមគ្គីដូចជាស្ថានីយមួយនាំកូនទាំងពីររត់ភៀសខ្លួនទៅប្រទេសឡាវមិនគិតពីប្រជារាស្ត្រនាំឲ្យប្រជាជន អស់ជំនឿ,កត្តាដែលបណ្ដាលឲ្យសៀមវាយបន្ទាយលង្វែកព្រះរាជាព្រះសត្ថាទីមួយឆោតល្ងង់ទៅជួយរំដោះក្រុងឰយុធ្យារបស់សៀមមកពីការត្រួតត្រាភូមាសៀមរមិលគុណប្រើល្បិចបញ្ជូនសល់ពីរអង្គ យកការវិបត្តិផ្ទៃក្នុងជាជួរជលសារលោករវល់ នាដើមម៉ឺនមន្ត្រីប្រជារាស្ត្រមិនពេញចិត្តដែលតែងទៅកូនអាយុដប់មួយវស្សា ឲ្យកូនរៀននៅ ក្នុងនាម មហាឧបរាជ ធ្វើឲ្យប្រជារាស្ត្របាត់បង់ស្មារតីប្រយុទ្ធប្រជារាស្ត្រខ្មែរក្រីក្រឆោតល្ងង់ចង់បានប្រាក់ដួលក៏នាំគ្នាកាប់ឆ្ការគុម្ពឫស្សីដែលជារបងការពារបន្ទាយលង្វែកដ៏រឹងមាំ រីប្រទេសខ្មែរហាក់បីដូចជាបាត់បង់សាមគ្គីដូចជាសត្ថាទីមួយនាំកូនទាំងពីររត់ភៀសខ្លួនទៅប្រទេសឡាវមិនគិតពីប្រជារាស្ត្រនាំឲ្យប្រជាជន អស់ជំនឿ។,10,10,4,1.0,0.8935546875,4,9,0,1
173,ដូចម្តេចដែលហៅថាមេយ៉ូស? ចូរនិយាយពីវគ្គផ្សេងៗនៃមេយ៉ូស។,មេយ៉ូសជាសំណុំនៃចំណែកកោសិកាពីរដងបន្តបន្ទាប់គ្នាដែលបង្កើតបានជាកោសិកាអាលូអុីតបួន ហៅថាមេយ៉ូស ។ _តេឡូផាស1 ស៊ីតូប្លាសចែកខ្លួនបានជាកោសិកាកូនពីរ ។កោសិកាកូននីមួយៗទទួលបានក្រូម៉ូសូម តែមួយពីរគូអូម៉ូឡូក ។ _ប្រផាស1 មានរយៈពេលវែង ។ _អាណាផាស1 ក្រូម៉ូសូមដំរៀបលើផ្លាស់ភ្ជាប់នឹងក្រយ៉ូងក្រូម៉ាទិចដោយសង់ក្រូងទ័ររបស់វា ។ _តេឡូផាស2 ក្រូម៉ូមនីមួយៗបានមកដល់ប៉ូលភ្នាស _មេតាផាស2 ក្រូម៉ូសូមប្រេះតាមបណ្ដោយភ្ជាប់ខ្លួនទៅនិងក្រយ៉ងក្រូម៉ាទិចដោយសង់ _ប្រូដាស2 ត្តយ៉ងអាក្រូម៉ាទិតកើតមានក្នុងកោសិកាគូនីមួយៗ _អាណាផាស2 សង់ក្រូម៉ែធ្វើចំណែកដែលនាំអោយក្រូម៉ាទិចបងប្អូនដាច់ចេញពីគ្នា ។បន្ទាប់មក ក្រូម៉ូសូមកូនទាំង2ធ្វើដំណើរឆ្ពោះទៅប៉ូលផ្ទុយគ្នារបស់ត្រយ៉ូងអាក្រូម៉ាទិច ។,មេយ៉ូសជាសំណុំនៃចំណែកកោសិកាពីរដងបន្តបន្ទាប់គ្នាដែលបង្កើតបានជាកោសិកាអាលូអុីតបួន ហៅថាមេយ៉ូស ។ _ប្រផាស1 មានរយៈពេលវែង ។ _អាណាផាស1 ក្រូម៉ូសូមដំរៀបលើផ្លាស់ភ្ជាប់នឹងក្រយ៉ូងក្រូម៉ាទិចដោយសង់ក្រូងទ័ររបស់វា ។ _តេឡូផាស2 ក្រូម៉ូមនីមួយៗបានមកដល់ប៉ូលភ្នាស _មេតាផាស2 ក្រូម៉ូសូមប្រេះតាមបណ្ដោយភ្ជាប់ខ្លួនទៅនិងក្រយ៉ងក្រូម៉ាទិចដោយសង់ _ប្រូដាស2 ត្តយ៉ងអាក្រូម៉ាទិតកើតមានក្នុងកោសិកាគូនីមួយៗ,10,6,2,0.6,0.55908203125,2,6,0,0
174,តើដំណាក់កាលទាំងពីរនៃវដ្ដជីវីតរបស់រុក្ខជាតិមានអ្វីខ្លះ? ចូររៀបរាប់។,ដំណាក់កាល ទាំងពីរនៃវដ្ដជីវិតរបស់រុក្ខជាតិមាន  - ដំណាក់កាលស្ប៉រ៉ូភីត គឺជារុក្ខជាតិផលិតស្ប៉។ វាជាកោសិកាតូចៗដែលអាចលូតលាស់ជាសារពាង្គកាយថ្មី  -ស្ប៉លូតលាស់ក្នុងដំណាក់កាលផ្សេងទៀតនៃរុក្ខជាតិ ហៅថាកាម៉ែតូភីត។ ក្នុងដំណាក់កាលនៃរុក្ខជាតិផលិតកោសិកាភេទពីរបែប គឺកាម៉ែតឈ្មោល និងកាម៉ែតញី ។ កាម៉ែតញី និង កាម៉ែតឈ្មោលលាយចូលគ្នា បង្កើតបានជាសុីកូត។ បន្ទាប់មកទៀត សុីកូតលូតលាស់ទៅជាស្ប៉រ៉ូភីត។ស្ប៉រ៉ូភីតផលិតស្ប៉លូតលាស់ក្នុងកាម៉ែតូភីត កាម៉ែតូភីតផលិតកាម៉ែតញី និងកាម៉ែតឈ្មោល ហើយវដ្ដផ្ដើមសារជាថ្មី។,ដំណាក់កាល ទាំងពីរនៃវដ្ដជីវិតរបស់រុក្ខជាតិមាន 2 គឺ ស្ប៉រ៉ូភីត និង កាម៉ែតូភីត។ +ដំណាក់កាលស្ប៉រ៉ូភីត : គឺជារុក្ខជាតិផលិតស្ប៉ ។វាជាកោសិកាតូចៗ ដែលអាចលូតលាសៀជាសារពាង្គកាយថ្មី។ +ស្ប៉លូតលាស់ក្នុងដំណាក់កាលមួយផ្សេងទៀតនៃរុក្ខជាតិហៅថាកាម៉ែតភីត ។ក្នុងដំណាក់កាលនេះរុក្ខជាតិផលិតកោសិកាពីរបែបគឺ កាម៉ែតឈ្មោល និង កាម៉ែតញី។,15,11,3,0.7333333333333333,0.685546875,3,10,0,1
175,តើអាមីបរស់នៅកន្លែងណា ?វាបង្កជំងឺអ្វី?,អាមីបរស់នៅកន្លែងដូចជាស្ទឹងបឹងអូរត្រពាំងទន្លេទឹកជ្រោះ។ វាបង្កជំងឺដូចជា ជំងឺរាគមួល ធ្វើឲ្យយើងចុកពោះដោយផឹកទឹកមិនស្អាត,អាមីបរស់នៅកន្លែងដែលមិនស្អាតដូចជា ដីភក់ ទឹកកខ្វក់ វាអាចរស់នៅក្នុងពោះវៀនមនុស្សដែលបង្កឲមានជំងឺរាគមួល។,8,3,2,0.375,0.6689453125,3,5,1,2
176,តើដំណាក់កាលទាំងពីរនៃវដ្ដជីវីតរបស់រុក្ខជាតិមានអ្វីខ្លះ? ចូររៀបរាប់។,ដំណាក់កាល ទាំងពីរនៃវដ្ដជីវិតរបស់រុក្ខជាតិមាន  - ដំណាក់កាលស្ប៉រ៉ូភីត គឺជារុក្ខជាតិផលិតស្ប៉។ វាជាកោសិកាតូចៗដែលអាចលូតលាស់ជាសារពាង្គកាយថ្មី  -ស្ប៉លូតលាស់ក្នុងដំណាក់កាលផ្សេងទៀតនៃរុក្ខជាតិ ហៅថាកាម៉ែតូភីត។ ក្នុងដំណាក់កាលនៃរុក្ខជាតិផលិតកោសិកាភេទពីរបែប គឺកាម៉ែតឈ្មោល និងកាម៉ែតញី ។ កាម៉ែតញី និង កាម៉ែតឈ្មោលលាយចូលគ្នា បង្កើតបានជាសុីកូត។ បន្ទាប់មកទៀត សុីកូតលូតលាស់ទៅជាស្ប៉រ៉ូភីត។ស្ប៉រ៉ូភីតផលិតស្ប៉លូតលាស់ក្នុងកាម៉ែតូភីត កាម៉ែតូភីតផលិតកាម៉ែតញី និងកាម៉ែតឈ្មោល ហើយវដ្ដផ្ដើមសារជាថ្មី។,ដំណាក់កាល ទាំងពីរនៃវដ្ដជីវិតរបស់រុក្ខជាតិមាន  - ដំណាក់កាលស្ប៉រ៉ូភីត គឺជារុក្ខជាតិផលិតស្ប៉។ វាជាកោសិកាតូចៗដែលអាចលូតលាស់ជាសារពាង្គកាយថ្មី  -ស្ប៉លូតលាស់ក្នុងដំណាក់កាលផ្សេងទៀតនៃរុក្ខជាតិ ហៅថាកាម៉ែតូភីត។ ក្នុងដំណាក់កាលនៃរុក្ខជាតិផលិតកោសិកាភេទពីរបែប គឺកាម៉ែតឈ្មោល និងកាម៉ែតញី ។ កាម៉ែតញី និង កាម៉ែតឈ្មោលលាយចូលគ្នា បង្កើតបានជាសុីកូត។ បន្ទាប់មកទៀត សុីកូតលូតលាស់ទៅជាស្ប៉រ៉ូភីត។ស្ប៉រ៉ូភីតផលិតស្ប៉លូតលាស់ក្នុងកាម៉ែតូភីត កាម៉ែតូភីតផលិតកាម៉ែតញី និងកាម៉ែតឈ្មោល ហើយវដ្ដផ្ដើមសារជាថ្មី។,15,14,4,0.9333333333333333,0.646484375,3,10,1,4
177,ដូចម្តេចដែលហៅថាមេយ៉ូស? ចូរនិយាយពីវគ្គផ្សេងៗនៃមេយ៉ូស។,មេយ៉ូសជាសំណុំនៃចំណែកកោសិកាពីរដងបន្តបន្ទាប់គ្នាដែលបង្កើតបានជាកោសិកាអាលូអុីតបួន ហៅថាមេយ៉ូស ។ _តេឡូផាស1 ស៊ីតូប្លាសចែកខ្លួនបានជាកោសិកាកូនពីរ ។កោសិកាកូននីមួយៗទទួលបានក្រូម៉ូសូម តែមួយពីរគូអូម៉ូឡូក ។ _ប្រផាស1 មានរយៈពេលវែង ។ _អាណាផាស1 ក្រូម៉ូសូមដំរៀបលើផ្លាស់ភ្ជាប់នឹងក្រយ៉ូងក្រូម៉ាទិចដោយសង់ក្រូងទ័ររបស់វា ។ _តេឡូផាស2 ក្រូម៉ូមនីមួយៗបានមកដល់ប៉ូលភ្នាស _មេតាផាស2 ក្រូម៉ូសូមប្រេះតាមបណ្ដោយភ្ជាប់ខ្លួនទៅនិងក្រយ៉ងក្រូម៉ាទិចដោយសង់ _ប្រូដាស2 ត្តយ៉ងអាក្រូម៉ាទិតកើតមានក្នុងកោសិកាគូនីមួយៗ _អាណាផាស2 សង់ក្រូម៉ែធ្វើចំណែកដែលនាំអោយក្រូម៉ាទិចបងប្អូនដាច់ចេញពីគ្នា ។បន្ទាប់មក ក្រូម៉ូសូមកូនទាំង2ធ្វើដំណើរឆ្ពោះទៅប៉ូលផ្ទុយគ្នារបស់ត្រយ៉ូងអាក្រូម៉ាទិច ។,ដែលហៅថាមេយ៉ូសគឺជាសំណុំនៃចំណែកកោសិកាពីដងបន្តបន្ទាប់គ្នាបង្កើតបានជាកោសិកា អាប្លូអុីត4 ។វគ្គផ្សេងនៃមេយ៉ូសមានដូចជា  _ប្រផាស1 មានរយៈពេលវែង ។ _អាណាផាស1 ក្រូម៉ូសូមដំរៀបលើផ្លាស់ភ្ជាប់នឹងក្រយ៉ូងក្រូម៉ាទិចដោយសង់ក្រូងទ័ររបស់វា ។ _តេឡូផាស1 ស៊ីតូប្លាសចែកខ្លួនបានជាកោសិកាកូនពីរ ។កោសិកាកូននីមួយៗទទួលបានក្រូម៉ូសូម តែមួយពីរគូអូម៉ូឡូក ។ _មេតាផាស ក្រូម៉ូសូមប្រេះតាមបណ្ដោយភ្ជាប់ខ្លួនទៅនិងត្រយ៉ង អាក្រូម៉ទចដោយសងក្រមែ,10,6,2,0.6,0.57763671875,2,6,0,0
